   0.00000000       0.00000000    
   1.06066012       1.06016958    
   2.12132025       2.11935830    
   3.18198037       3.17756581    
   4.24264050       4.23479271    
   5.30330038       5.29103804    
   6.36396074       6.34630251    
   7.42462111       7.40058661    
   8.48528099       8.45388889    
   9.54594135       9.50621128    
   10.6066008       10.5575504    
   11.6672621       11.6079111    
   12.7279215       12.6572895    
   13.7885818       13.7056875    
   14.8492422       14.7531042    
   15.9099016       15.7995396    
   16.9705620       16.8449936    
   18.0312233       17.8894691    
   19.0918827       18.9329605    
   20.1525421       19.9754715    
   21.2132015       21.0170021    
   22.2738628       22.0575523    
   23.3345242       23.0971222    
   24.3951836       24.1357098    
   25.4558430       25.1733150    
   26.5165043       26.2099419    
   27.5771637       27.2455864    
   28.6378231       28.2802486    
   29.6984844       29.3139324    
   30.7591438       30.3466339    
   31.8198032       31.3783531    
   32.8804665       32.4090958    
   33.9411240       33.4388504    
   35.0017853       34.4676323    
   36.0624466       35.4954300    
   37.1231041       36.5222397    
   38.1837654       37.5480766    
   39.2444267       38.5729332    
   40.3050842       39.5968018    
   41.3657455       40.6196938    
   42.4264030       41.6416016    
   43.4870682       42.6625366    
   44.5477257       43.6824837    
   45.6083832       44.7014503    
   46.6690483       45.7194405    
   47.7297058       46.7364426    
   48.7903671       47.7524681    
   49.8510284       48.7675133    
   50.9116859       49.7815742    
   51.9723473       50.7946548    
   53.0330086       51.8067589    
   54.0936661       52.8178749    
   55.1543274       53.8280144    
   56.2149849       54.8371696    
   57.2756462       55.8453484    
   58.3363113       56.8525505    
   59.3969688       57.8587608    
   60.4576302       58.8639946    
   61.5182877       59.8682442    
   62.5789490       60.8715172    
   63.6396065       61.8738060    
   64.7002716       62.8751221    
   65.7609329       63.8754501    
   66.8215866       64.8747940    
   67.8822479       65.8731613    
   68.9429092       66.8705444    
   70.0035706       67.8669510    
   71.0642242       68.8623734    
   72.1248932       69.8568192    
   73.1855545       70.8502808    
   74.2462082       71.8427582    
   75.3068695       72.8342590    
   76.3675308       73.8247757    
   77.4281845       74.8143082    
   78.4888535       75.8028717    
   79.5495148       76.7904510    
   80.6101685       77.7770386    
   81.6708298       78.7626572    
   82.7314911       79.7472916    
   83.7921524       80.7309418    
   84.8528061       81.7136078    
   85.9134750       82.6953049    
   86.9741364       83.6760178    
   88.0347900       84.6557388    
   89.0954514       85.6344833    
   90.1561127       86.6122513    
   91.2167664       87.5890274    
   92.2774353       88.5648422    
   93.3380966       89.5396652    
   94.3987503       90.5134964    
   95.4594116       91.4863586    
   96.5200729       92.4582443    
   97.5807343       93.4291458    
   98.6413956       94.3990631    
   99.7020569       95.3679962    
   100.762718       96.3359528    
   101.823372       97.3029251    
   102.884033       98.2689209    
   103.944695       99.2339325    
   105.005348       100.197960    
   106.066017       101.161018    
   107.126678       102.123085    
   108.187332       103.084167    
   109.247993       104.044281    
   110.308655       105.003410    
   111.369316       105.961555    
   112.429970       106.918709    
   113.490631       107.874901    
   114.551292       108.830101    
   115.611961       109.784332    
   116.672623       110.737572    
   117.733284       111.689835    
   118.793938       112.641106    
   119.854599       113.591408    
   120.915260       114.540726    
   121.975914       115.489052    
   123.036575       116.436409    
   124.097237       117.382782    
   125.157898       118.328178    
   126.218552       119.272583    
   127.279213       120.216011    
   128.339874       121.158463    
   129.400543       122.099937    
   130.461197       123.040421    
   131.521866       123.979935    
   132.582520       124.918457    
   133.643173       125.855995    
   134.703842       126.792564    
   135.764496       127.728142    
   136.825165       128.662750    
   137.885818       129.596375    
   138.946472       130.529007    
   140.007141       131.460663    
   141.067795       132.391342    
   142.128448       133.321030    
   143.189133       134.249771    
   144.249786       135.177490    
   145.310440       136.104248    
   146.371109       137.030029    
   147.431763       137.954819    
   148.492416       138.878616    
   149.553085       139.801453    
   150.613739       140.723297    
   151.674393       141.644165    
   152.735062       142.564056    
   153.795715       143.482956    
   154.856369       144.400879    
   155.917038       145.317825    
   156.977707       146.233795    
   158.038361       147.148773    
   159.099030       148.062775    
   160.159683       148.975800    
   161.220337       149.887817    
   162.281006       150.798889    
   163.341660       151.708954    
   164.402328       152.618073    
   165.462982       153.526169    
   166.523636       154.433304    
   167.584305       155.339462    
   168.644958       156.244629    
   169.705612       157.148819    
   170.766296       158.052048    
   171.826950       158.954269    
   172.887604       159.855515    
   173.948273       160.755783    
   175.008926       161.655060    
   176.069580       162.553360    
   177.130249       163.450699    
   178.190903       164.347031    
   179.251556       165.242386    
   180.312225       166.136780    
   181.372879       167.030167    
   182.433533       167.922577    
   183.494217       168.814041    
   184.554871       169.704498    
   185.615524       170.593964    
   186.676193       171.482468    
   187.736847       172.369965    
   188.797501       173.256500    
   189.858170       174.142059    
   190.918823       175.026627    
   191.979492       175.910217    
   193.040146       176.792816    
   194.100800       177.674438    
   195.161469       178.555099    
   196.222122       179.434753    
   197.282791       180.313446    
   198.343460       181.191162    
   199.404114       182.067886    
   200.464767       182.943619    
   201.525436       183.818390    
   202.586090       184.692154    
   203.646744       185.564957    
   204.707413       186.436783    
   205.768066       187.307602    
   206.828720       188.177460    
   207.889389       189.046341    
   208.950043       189.914230    
   210.010696       190.781128    
   211.071381       191.647095    
   212.132034       192.512039    
   213.192688       193.375992    
   214.253357       194.238998    
   215.314011       195.100998    
   216.374664       195.962021    
   217.435333       196.822067    
   218.495987       197.681122    
   219.556656       198.539215    
   220.617310       199.396317    
   221.677963       200.252441    
   222.738632       201.107590    
   223.799286       201.961731    
   224.859940       202.814911    
   225.920609       203.667114    
   226.981262       204.518326    
   228.041916       205.368561    
   229.102585       206.217819    
   230.163239       207.066086    
   231.223923       207.913391    
   232.284576       208.759705    
   233.345245       209.605042    
   234.405899       210.449387    
   235.466568       211.292755    
   236.527222       212.135147    
   237.587875       212.976547    
   238.648544       213.816986    
   239.709198       214.656418    
   240.769852       215.494873    
   241.830521       216.332367    
   242.891174       217.168869    
   243.951828       218.004379    
   245.012497       218.838928    
   246.073151       219.672485    
   247.133804       220.505051    
   248.194473       221.336655    
   249.255127       222.167267    
   250.315796       222.996918    
   251.376450       223.825562    
   252.437103       224.653229    
   253.497772       225.479919    
   254.558426       226.305634    
   255.619080       227.130356    
   256.679749       227.954102    
   257.740417       228.776886    
   258.801086       229.598679    
   259.861755       230.419495    
   260.922394       231.239288    
   261.983063       232.058151    
   263.043732       232.876022    
   264.104370       233.692871    
   265.165039       234.508789    
   266.225708       235.323715    
   267.286346       236.137634    
   268.347015       236.950592    
   269.407684       237.762589    
   270.468353       238.573593    
   271.528992       239.383575    
   272.589661       240.192627    
   273.650330       241.000687    
   274.710968       241.807739    
   275.771637       242.613831    
   276.832306       243.418961    
   277.892944       244.223068    
   278.953613       245.026215    
   280.014282       245.828400    
   281.074921       246.629562    
   282.135590       247.429779    
   283.196259       248.229004    
   284.256897       249.027222    
   285.317596       249.824524    
   286.378265       250.620819    
   287.438904       251.416092    
   288.499573       252.210419    
   289.560242       253.003769    
   290.620880       253.796097    
   291.681549       254.587494    
   292.742218       255.377884    
   293.802856       256.167297    
   294.863525       256.955719    
   295.924194       257.743195    
   296.984833       258.529633    
   298.045502       259.315125    
   299.106171       260.099640    
   300.166809       260.883148    
   301.227478       261.665710    
   302.288147       262.447296    
   303.348785       263.227844    
   304.409454       264.007446    
   305.470123       264.786102    
   306.530762       265.563721    
   307.591431       266.340393    
   308.652100       267.116058    
   309.712738       267.890747    
   310.773407       268.664490    
   311.834076       269.437225    
   312.894745       270.208984    
   313.955414       270.979767    
   315.016083       271.749573    
   316.076721       272.518372    
   317.137390       273.286194    
   318.198059       274.053070    
   319.258698       274.818909    
   320.319366       275.583801    
   321.380035       276.347717    
   322.440674       277.110626    
   323.501343       277.872589    
   324.562012       278.633545    
   325.622681       279.393555    
   326.683319       280.152527    
   327.743988       280.910553    
   328.804657       281.667603    
   329.865295       282.423645    
   330.925964       283.178741    
   331.986633       283.932831    
   333.047272       284.685944    
   334.107941       285.438080    
   335.168610       286.189240    
   336.229248       286.939392    
   337.289917       287.688599    
   338.350586       288.436829    
   339.411224       289.184021    
   340.471924       289.930298    
   341.532593       290.675598    
   342.593231       291.419861    
   343.653900       292.163177    
   344.714569       292.905518    
   345.775208       293.646820    
   346.835876       294.387207    
   347.896545       295.126587    
   348.957184       295.864960    
   350.017853       296.602417    
   351.078522       297.338867    
   352.139160       298.074280    
   353.199829       298.808777    
   354.260498       299.542297    
   355.321136       300.274780    
   356.381805       301.006317    
   357.442474       301.736877    
   358.503113       302.466431    
   359.563782       303.195038    
   360.624451       303.922668    
   361.685089       304.649261    
   362.745758       305.374908    
   363.806427       306.099609    
   364.867065       306.823273    
   365.927734       307.545990    
   366.988434       308.267731    
   368.049072       308.988464    
   369.109741       309.708221    
   370.170410       310.427002    
   371.231049       311.144806    
   372.291718       311.861633    
   373.352386       312.577484    
   374.413025       313.292297    
   375.473694       314.006195    
   376.534363       314.719116    
   377.595001       315.431000    
   378.655670       316.141937    
   379.716339       316.851898    
   380.776978       317.560852    
   381.837646       318.268860    
   382.898315       318.975861    
   383.958984       319.681915    
   385.019623       320.386932    
   386.080292       321.091003    
   387.140961       321.794098    
   388.201599       322.496185    
   389.262268       323.197327    
   390.322937       323.897461    
   391.383575       324.596619    
   392.444244       325.294800    
   393.504913       325.992004    
   394.565582       326.688232    
   395.626251       327.383484    
   396.686920       328.077728    
   397.747559       328.770996    
   398.808228       329.463287    
   399.868896       330.154633    
   400.929535       330.844940    
   401.990204       331.534302    
   403.050873       332.222656    
   404.111511       332.910034    
   405.172180       333.596466    
   406.232849       334.281891    
   407.293488       334.966309    
   408.354156       335.649780    
   409.414825       336.332275    
   410.475464       337.013763    
   411.536133       337.694305    
   412.596802       338.373840    
   413.657440       339.052399    
   414.718109       339.729980    
   415.778778       340.406586    
   416.839417       341.082184    
   417.900085       341.756836    
   418.960754       342.430481    
   420.021393       343.103149    
   421.082092       343.774872    
   422.142761       344.445587    
   423.203400       345.115295    
   424.264069       345.784058    
   425.324707       346.451813    
   426.385376       347.118591    
   427.446014       347.784424    
   428.506714       348.449280    
   429.567352       349.113098    
   430.628021       349.775970    
   431.688660       350.437836    
   432.749329       351.098755    
   433.809967       351.758636    
   434.870667       352.417603    
   435.931335       353.075562    
   436.991974       353.732544    
   438.052673       354.388550    
   439.113312       355.043579    
   440.173981       355.697601    
   441.234619       356.350647    
   442.295288       357.002716    
   443.355927       357.653809    
   444.416626       358.303955    
   445.477264       358.953064    
   446.537933       359.601227    
   447.598572       360.248383    
   448.659241       360.894562    
   449.719879       361.539764    
   450.780579       362.184021    
   451.841217       362.827240    
   452.901886       363.469513    
   453.962524       364.110779    
   455.023224       364.751099    
   456.083832       365.390381    
   457.144531       366.028748    
   458.205170       366.666107    
   459.265839       367.302490    
   460.326477       367.937866    
   461.387177       368.572327    
   462.447845       369.205750    
   463.508484       369.838196    
   464.569153       370.469666    
   465.629791       371.100159    
   466.690491       371.729675    
   467.751129       372.358215    
   468.811798       372.985748    
   469.872437       373.612305    
   470.933136       374.237915    
   471.993744       374.862488    
   473.054443       375.486145    
   474.115082       376.108765    
   475.175751       376.730438    
   476.236389       377.351105    
   477.297089       377.970825    
   478.357697       378.589508    
   479.418396       379.207275    
   480.479034       379.824036    
   481.539703       380.439789    
   482.600342       381.054596    
   483.661041       381.668427    
   484.721680       382.281250    
   485.782349       382.893097    
   486.842987       383.503967    
   487.903656       384.113861    
   488.964355       384.722778    
   490.024994       385.330719    
   491.085663       385.937653    
   492.146301       386.543610    
   493.207001       387.148621    
   494.267609       387.752594    
   495.328308       388.355652    
   496.388947       388.957672    
   497.449615       389.558746    
   498.510254       390.158813    
   499.570953       390.757935    
   500.631592       391.356049    
   501.692261       391.953186    
   502.752899       392.549316    
   503.813568       393.144501    
   504.874207       393.738678    
   505.934906       394.331940    
   506.995544       394.924133    
   508.056213       395.515381    
   509.116852       396.105652    
   510.177551       396.694977    
   511.238159       397.283264    
   512.298828       397.870575    
   513.359497       398.456940    
   514.420166       399.042297    
   515.480835       399.626709    
   516.541504       400.210114    
   517.602173       400.792542    
   518.662781       401.373932    
   519.723511       401.954437    
   520.784119       402.533905    
   521.844788       403.112396    
   522.905457       403.689941    
   523.966125       404.266449    
   525.026794       404.842041    
   526.087463       405.416595    
   527.148071       405.990173    
   528.208740       406.562775    
   529.269409       407.134430    
   530.330078       407.705078    
   531.390747       408.274780    
   532.451416       408.843445    
   533.512024       409.411133    
   534.572693       409.977844    
   535.633362       410.543610    
   536.694031       411.108368    
   537.754700       411.672180    
   538.815369       412.234985    
   539.875977       412.796753    
   540.936707       413.357666    
   541.997314       413.917480    
   543.057983       414.476349    
   544.118652       415.034241    
   545.179321       415.591187    
   546.239990       416.147095    
   547.300659       416.702087    
   548.361328       417.256042    
   549.421936       417.809021    
   550.482605       418.361023    
   551.543274       418.912079    
   552.603943       419.462128    
   553.664612       420.011230    
   554.725281       420.559296    
   555.785889       421.106384    
   556.846619       421.652557    
   557.907227       422.197632    
   558.967896       422.741821    
   560.028564       423.285034    
   561.089233       423.827209    
   562.149841       424.368408    
   563.210571       424.908691    
   564.271179       425.447937    
   565.331848       425.986206    
   566.392517       426.523499    
   567.453186       427.059814    
   568.513794       427.595093    
   569.574524       428.129517    
   570.635193       428.662903    
   571.695801       429.195251    
   572.756531       429.726715    
   573.817139       430.257111    
   574.877808       430.786560    
   575.938477       431.315063    
   576.999146       431.842529    
   578.059753       432.368988    
   579.120483       432.894592    
   580.181091       433.419067    
   581.241760       433.942627    
   582.302429       434.465240    
   583.363098       434.986847    
   584.423706       435.507416    
   585.484436       436.027100    
   586.545044       436.545746    
   587.605713       437.063416    
   588.666382       437.580139    
   589.727051       438.095825    
   590.787659       438.610535    
   591.848389       439.124329    
   592.908997       439.637085    
   593.969666       440.148865    
   595.030334       440.659698    
   596.091003       441.169525    
   597.151611       441.678345    
   598.212341       442.186279    
   599.273010       442.693146    
   600.333618       443.199005    
   601.394348       443.703979    
   602.454956       444.207886    
   603.515625       444.710846    
   604.576294       445.212830    
   605.636963       445.713867    
   606.697571       446.213806    
   607.758301       446.712921    
   608.818909       447.210938    
   609.879578       447.708008    
   610.940247       448.204132    
   612.000916       448.699219    
   613.061523       449.193329    
   614.122253       449.686523    
   615.182861       450.178680    
   616.243530       450.669861    
   617.304199       451.160095    
   618.364868       451.649292    
   619.425476       452.137512    
   620.486206       452.624847    
   621.546814       453.111084    
   622.607483       453.596375    
   623.668152       454.080750    
   624.728821       454.564087    
   625.789490       455.046448    
   626.850159       455.527832    
   627.910828       456.008240    
   628.971436       456.487610    
   630.032166       456.966095    
   631.092773       457.443512    
   632.153442       457.919983    
   633.214111       458.395508    
   634.274780       458.869995    
   635.335388       459.343506    
   636.396118       459.816101    
   637.456726       460.287659    
   638.517395       460.758240    
   639.578064       461.227844    
   640.638733       461.696472    
   641.699402       462.164154    
   642.760071       462.630798    
   643.820679       463.096436    
   644.881348       463.561157    
   645.942017       464.024902    
   647.002686       464.487610    
   648.063354       464.949402    
   649.124023       465.410187    
   650.184631       465.869934    
   651.245361       466.328827    
   652.306030       466.786652    
   653.366638       467.243469    
   654.427307       467.699341    
   655.487976       468.154236    
   656.548645       468.608154    
   657.609314       469.061096    
   658.669983       469.513062    
   659.730591       469.963989    
   660.791260       470.413971    
   661.851929       470.863007    
   662.912598       471.311035    
   663.973267       471.758118    
   665.033936       472.204163    
   666.094543       472.649200    
   667.155273       473.093353    
   668.215881       473.536438    
   669.276550       473.978577    
   670.337219       474.419739    
   671.397888       474.859924    
   672.458496       475.299072    
   673.519226       475.737366    
   674.579834       476.174561    
   675.640503       476.610809    
   676.701172       477.046082    
   677.761841       477.480408    
   678.822449       477.913666    
   679.883179       478.346039    
   680.943848       478.777405    
   682.004456       479.207703    
   683.065186       479.637146    
   684.125793       480.065552    
   685.186462       480.492950    
   686.247131       480.919434    
   687.307800       481.344879    
   688.368408       481.769318    
   689.429138       482.192871    
   690.489746       482.615356    
   691.550415       483.036896    
   692.611084       483.457458    
   693.671753       483.877045    
   694.732361       484.295593    
   695.793091       484.713287    
   696.853699       485.129883    
   697.914368       485.545532    
   698.975037       485.960236    
   700.035706       486.373901    
   701.096313       486.786560    
   702.157043       487.198364    
   703.217651       487.609070    
   704.278320       488.018799    
   705.338989       488.427673    
   706.399658       488.835449    
   707.460327       489.242249    
   708.520996       489.648132    
   709.581665       490.052979    
   710.642273       490.456848    
   711.703003       490.859772    
   712.763611       491.261658    
   713.824280       491.662598    
   714.884949       492.062561    
   715.945618       492.461548    
   717.006226       492.859497    
   718.066956       493.256561    
   719.127563       493.652557    
   720.188232       494.047607    
   721.248901       494.441711    
   722.309570       494.834808    
   723.370178       495.226868    
   724.430908       495.618042    
   725.491516       496.008148    
   726.552185       496.397339    
   727.612854       496.785522    
   728.673523       497.172729    
   729.734131       497.558899    
   730.794861       497.944214    
   731.855469       498.328430    
   732.916138       498.711700    
   733.976868       499.094055    
   735.037476       499.475342    
   736.098145       499.855652    
   737.158813       500.235046    
   738.219482       500.613403    
   739.280090       500.990784    
   740.340820       501.367249    
   741.401428       501.742645    
   742.462097       502.117065    
   743.522766       502.490601    
   744.583435       502.863068    
   745.644043       503.234528    
   746.704773       503.605103    
   747.765381       503.974609    
   748.826050       504.343170    
   749.886719       504.710815    
   750.947388       505.077393    
   752.008057       505.443024    
   753.068726       505.807678    
   754.129333       506.171295    
   755.190002       506.533997    
   756.250671       506.895691    
   757.311340       507.256409    
   758.372009       507.616150    
   759.432678       507.974915    
   760.493347       508.332642    
   761.553955       508.689453    
   762.614685       509.045288    
   763.675293       509.400085    
   764.735962       509.753937    
   765.796631       510.106812    
   766.857300       510.458710    
   767.917969       510.809662    
   768.978638       511.159546    
   770.039246       511.508453    
   771.099915       511.856445    
   772.160583       512.203430    
   773.221252       512.549438    
   774.281921       512.894470    
   775.342590       513.238525    
   776.403198       513.581543    
   777.463867       513.923584    
   778.524536       514.264709    
   779.585205       514.604858    
   780.645874       514.943970    
   781.706543       515.282104    
   782.767151       515.619263    
   783.827881       515.955566    
   784.888489       516.290710    
   785.949158       516.624939    
   787.009827       516.958191    
   788.070496       517.290466    
   789.131165       517.621704    
   790.191833       517.952026    
   791.252502       518.281372    
   792.313110       518.609741    
   793.373840       518.937134    
   794.434448       519.263428    
   795.495117       519.588867    
   796.555786       519.913330    
   797.616455       520.236694    
   798.677063       520.559143    
   799.737793       520.880737    
   800.798401       521.201172    
   801.859070       521.520630    
   802.919739       521.839233    
   803.980408       522.156738    
   805.041016       522.473267    
   806.101746       522.788940    
   807.162354       523.103516    
   808.223022       523.417114    
   809.283691       523.729858    
   810.344360       524.041504    
   811.404968       524.352112    
   812.465698       524.661865    
   813.526306       524.970581    
   814.586975       525.278320    
   815.647705       525.585083    
   816.708313       525.890869    
   817.768982       526.195679    
   818.829651       526.499512    
   819.890320       526.802307    
   820.950928       527.104126    
   822.011658       527.405090    
   823.072266       527.704956    
   824.132935       528.003845    
   825.193604       528.301819    
   826.254272       528.598755    
   827.314880       528.894714    
   828.375610       529.189697    
   829.436218       529.483704    
   830.496887       529.776733    
   831.557556       530.068787    
   832.618225       530.359863    
   833.678833       530.649902    
   834.739563       530.939087    
   835.800171       531.227173    
   836.860840       531.514282    
   837.921509       531.800476    
   838.982178       532.085693    
   840.042786       532.369812    
   841.103516       532.653076    
   842.164185       532.935303    
   843.224792       533.216553    
   844.285522       533.496826    
   845.346130       533.776123    
   846.406799       534.054443    
   847.467468       534.331787    
   848.528137       534.608154    
   849.588806       534.883484    
   850.649414       535.157837    
   851.710083       535.431274    
   852.770752       535.703674    
   853.831482       535.975220    
   854.892029       536.245605    
   855.952698       536.515076    
   857.013428       536.783630    
   858.074097       537.051147    
   859.134705       537.317688    
   860.195374       537.583252    
   861.256042       537.847778    
   862.316711       538.111389    
   863.377319       538.374023    
   864.437988       538.635620    
   865.498657       538.896301    
   866.559387       539.156006    
   867.619934       539.414673    
   868.680664       539.672363    
   869.741333       539.929138    
   870.802002       540.184875    
   871.862671       540.439636    
   872.923279       540.693420    
   873.983948       540.946167    
   875.044617       541.197998    
   876.105347       541.448914    
   877.165894       541.698730    
   878.226624       541.947693    
   879.287292       542.195557    
   880.347961       542.442505    
   881.408569       542.688477    
   882.469238       542.933350    
   883.529907       543.177368    
   884.590576       543.420288    
   885.651184       543.662354    
   886.711853       543.903381    
   887.772522       544.143433    
   888.833252       544.382568    
   889.893799       544.620605    
   890.954529       544.857788    
   892.015198       545.093872    
   893.075867       545.328979    
   894.136475       545.563171    
   895.197144       545.796387    
   896.257812       546.028564    
   897.318481       546.259766    
   898.379211       546.490051    
   899.439758       546.719238    
   900.500488       546.947632    
   901.561157       547.174927    
   902.621826       547.401184    
   903.682434       547.626587    
   904.743103       547.850952    
   905.803772       548.074219    
   906.864441       548.296631    
   907.925049       548.518066    
   908.985718       548.738525    
   910.046448       548.958008    
   911.107117       549.176453    
   912.167664       549.393921    
   913.228394       549.610474    
   914.289062       549.825989    
   915.349731       550.040527    
   916.410339       550.254089    
   917.471008       550.466675    
   918.531677       550.678223    
   919.592407       550.888916    
   920.652954       551.098511    
   921.713623       551.307129    
   922.774353       551.514893    
   923.835022       551.721558    
   924.895691       551.927307    
   925.956299       552.132080    
   927.016968       552.335815    
   928.077637       552.538574    
   929.138306       552.740356    
   930.198914       552.941162    
   931.259583       553.140991    
   932.320312       553.339844    
   933.380981       553.537720    
   934.441528       553.734619    
   935.502258       553.930542    
   936.562927       554.125488    
   937.623596       554.319397    
   938.684204       554.512390    
   939.744873       554.704346    
   940.805542       554.895386    
   941.866272       555.085388    
   942.926819       555.274414    
   943.987488       555.462463    
   945.048218       555.649536    
   946.108887       555.835693    
   947.169495       556.020813    
   948.230164       556.204956    
   949.290833       556.388062    
   950.351501       556.570190    
   951.412231       556.751465    
   952.472778       556.931641    
   953.533447       557.110840    
   954.594177       557.289185    
   955.654846       557.466431    
   956.715393       557.642700    
   957.776123       557.817993    
   958.836792       557.992310    
   959.897461       558.165649    
   960.958069       558.338013    
   962.018738       558.509399    
   963.079407       558.679810    
   964.140137       558.849243    
   965.200684       559.017700    
   966.261353       559.185120    
   967.322083       559.351685    
   968.382751       559.517090    
   969.443359       559.681641    
   970.504028       559.845215    
   971.564697       560.007690    
   972.625366       560.169312    
   973.685974       560.329895    
   974.746643       560.489502    
   975.807312       560.648132    
   976.868042       560.805786    
   977.928711       560.962463    
   978.989319       561.118164    
   980.049988       561.272827    
   981.110657       561.426636    
   982.171326       561.579346    
   983.231934       561.731079    
   984.292603       561.881836    
   985.353271       562.031616    
   986.414001       562.180542    
   987.474548       562.328308    
   988.535217       562.475159    
   989.595947       562.621094    
   990.656616       562.765991    
   991.717224       562.909912    
   992.777893       563.052856    
   993.838562       563.194763    
   994.899231       563.335693    
   995.959839       563.475708    
   997.020508       563.614746    
   998.081177       563.752747    
   999.141907       563.889893    
   1000.20245       564.025879    
   1001.26318       564.161011    
   1002.32385       564.295105    
   1003.38452       564.428223    
   1004.44513       564.560364    
   1005.50580       564.691528    
   1006.56647       564.821655    
   1007.62714       564.950867    
   1008.68787       565.079102    
   1009.74841       565.206299    
   1010.80914       565.332642    
   1011.86981       565.457886    
   1012.93048       565.582153    
   1013.99109       565.705505    
   1015.05176       565.827881    
   1016.11243       565.949158    
   1017.17310       566.069580    
   1018.23370       566.188965    
   1019.29437       566.307373    
   1020.35510       566.424805    
   1021.41577       566.541260    
   1022.47632       566.656677    
   1023.53705       566.771179    
   1024.59766       566.884644    
   1025.65845       566.997314    
   1026.71899       567.108765    
   1027.77966       567.219360    
   1028.84033       567.328857    
   1029.90100       567.437500    
   1030.96167       567.545166    
   1032.02234       567.651733    
   1033.08301       567.757446    
   1034.14368       567.862061    
   1035.20435       567.965820    
   1036.26489       568.068481    
   1037.32556       568.170166    
   1038.38635       568.270996    
   1039.44702       568.370728    
   1040.50757       568.469482    
   1041.56824       568.567383    
   1042.62891       568.664124    
   1043.68958       568.760010    
   1044.75024       568.854858    
   1045.81091       568.948792    
   1046.87158       569.041687    
   1047.93225       569.133545    
   1048.99280       569.224487    
   1050.05359       569.314575    
   1051.11426       569.403564    
   1052.17493       569.491455    
   1053.23547       569.578491    
   1054.29614       569.664551    
   1055.35681       569.749512    
   1056.41748       569.833618    
   1057.47815       569.916809    
   1058.53882       569.998901    
   1059.59949       570.080017    
   1060.66016       570.160156    
   1061.72083       570.239258    
   1062.78149       570.317566    
   1063.84216       570.394775    
   1064.90283       570.470947    
   1065.96350       570.546204    
   1067.02405       570.620422    
   1068.08472       570.693665    
   1069.14539       570.765991    
   1070.20618       570.837402    
   1071.26672       570.907715    
   1072.32739       570.977051    
   1073.38806       571.045410    
   1074.44873       571.112793    
   1075.50940       571.179321    
   1076.57007       571.244751    
   1077.63074       571.309204    
   1078.69141       571.372620    
   1079.75195       571.435059    
   1080.81262       571.496582    
   1081.87341       571.557190    
   1082.93408       571.616760    
   1083.99463       571.675293    
   1085.05530       571.732849    
   1086.11597       571.789429    
   1087.17664       571.845032    
   1088.23730       571.899719    
   1089.29797       571.953430    
   1090.35864       572.006104    
   1091.41931       572.057800    
   1092.47998       572.108459    
   1093.54053       572.158203    
   1094.60132       572.207031    
   1095.66199       572.254822    
   1096.72266       572.301575    
   1097.78320       572.347351    
   1098.84387       572.392212    
   1099.90454       572.436035    
   1100.96521       572.478882    
   1102.02588       572.520874    
   1103.08655       572.561768    
   1104.14722       572.601685    
   1105.20789       572.640625    
   1106.26843       572.678528    
   1107.32922       572.715637    
   1108.38989       572.751648    
   1109.45056       572.786621    
   1110.51111       572.820618    
   1111.57178       572.853699    
   1112.63245       572.885803    
   1113.69324       572.916992    
   1114.75391       572.947083    
   1115.81445       572.976135    
   1116.87512       573.004333    
   1117.93579       573.031433    
   1118.99646       573.057678    
   1120.05713       573.082947    
   1121.11780       573.107178    
   1122.17847       573.130432    
   1123.23914       573.152649    
   1124.29968       573.173889    
   1125.36035       573.194214    
   1126.42114       573.213623    
   1127.48181       573.231995    
   1128.54236       573.249329    
   1129.60303       573.265686    
   1130.66370       573.281067    
   1131.72437       573.295471    
   1132.78503       573.309021    
   1133.84570       573.321411    
   1134.90637       573.332947    
   1135.96704       573.343445    
   1137.02759       573.352844    
   1138.08826       573.361389    
   1139.14905       573.369080    
   1140.20972       573.375610    
   1141.27039       573.381226    
   1142.33093       573.385803    
   1143.39160       573.389404    
   1144.45227       573.392029    
   1145.51306       573.393799    
   1146.57361       573.394470    
   1147.63428       573.394165    
   1148.69495       573.392883    
   1149.75562       573.390564    
   1150.81628       573.387451    
   1151.87695       573.383240    
   1152.93762       573.377991    
   1153.99829       573.371826    
   1155.05884       573.364624    
   1156.11951       573.356445    
   1157.18018       573.347351    
   1158.24097       573.337341    
   1159.30151       573.326233    
   1160.36218       573.314148    
   1161.42285       573.301086    
   1162.48352       573.287048    
   1163.54419       573.272095    
   1164.60486       573.256104    
   1165.66553       573.239136    
   1166.72620       573.221191    
   1167.78687       573.202209    
   1168.84741       573.182251    
   1169.90808       573.161377    
   1170.96887       573.139587    
   1172.02954       573.116760    
   1173.09009       573.092896    
   1174.15076       573.068054    
   1175.21143       573.042236    
   1176.27209       573.015442    
   1177.33276       572.987732    
   1178.39343       572.958984    
   1179.45410       572.929260    
   1180.51477       572.898560    
   1181.57532       572.866821    
   1182.63611       572.834290    
   1183.69678       572.800598    
   1184.75745       572.765930    
   1185.81799       572.730347    
   1186.87866       572.693726    
   1187.93933       572.656128    
   1189.00000       572.617554    
   1190.06067       572.578125    
   1191.12134       572.537598    
   1192.18201       572.496094    
   1193.24268       572.453613    
   1194.30322       572.410095    
   1195.36401       572.365784    
   1196.42468       572.320374    
   1197.48535       572.273926    
   1198.54602       572.226562    
   1199.60657       572.178101    
   1200.66724       572.128784    
   1201.72791       572.078430    
   1202.78870       572.027222    
   1203.84924       571.974915    
   1204.90991       571.921631    
   1205.97058       571.867371    
   1207.03125       571.812134    
   1208.09192       571.755981    
   1209.15259       571.698792    
   1210.21326       571.640625    
   1211.27393       571.581482    
   1212.33447       571.521301    
   1213.39514       571.460144    
   1214.45593       571.398193    
   1215.51660       571.335083    
   1216.57715       571.270996    
   1217.63782       571.205933    
   1218.69849       571.139893    
   1219.75916       571.072876    
   1220.81982       571.004944    
   1221.88049       570.936035    
   1222.94116       570.866089    
   1224.00183       570.795105    
   1225.06250       570.723206    
   1226.12305       570.650269    
   1227.18384       570.576538    
   1228.24451       570.501648    
   1229.30518       570.425781    
   1230.36572       570.348999    
   1231.42639       570.271118    
   1232.48706       570.192383    
   1233.54785       570.112671    
   1234.60840       570.031921    
   1235.66907       569.950256    
   1236.72974       569.867493    
   1237.79041       569.783813    
   1238.85095       569.699158    
   1239.91174       569.613586    
   1240.97241       569.526978    
   1242.03308       569.439331    
   1243.09363       569.350708    
   1244.15430       569.261169    
   1245.21497       569.170593    
   1246.27576       569.079163    
   1247.33630       568.986633    
   1248.39697       568.893127    
   1249.45764       568.798645    
   1250.51831       568.703186    
   1251.57898       568.606750    
   1252.63965       568.509399    
   1253.70032       568.411011    
   1254.76099       568.311584    
   1255.82166       568.211243    
   1256.88220       568.109863    
   1257.94287       568.007507    
   1259.00366       567.904358    
   1260.06433       567.800049    
   1261.12488       567.694763    
   1262.18555       567.588501    
   1263.24622       567.481262    
   1264.30688       567.373047    
   1265.36755       567.263916    
   1266.42822       567.153809    
   1267.48889       567.042664    
   1268.54956       566.930481    
   1269.61011       566.817322    
   1270.67078       566.703247    
   1271.73157       566.588257    
   1272.79224       566.472229    
   1273.85278       566.355164    
   1274.91345       566.237122    
   1275.97412       566.118103    
   1277.03479       565.998108    
   1278.09558       565.877258    
   1279.15613       565.755310    
   1280.21680       565.632385    
   1281.27747       565.508423    
   1282.33813       565.383545    
   1283.39880       565.257812    
   1284.45947       565.130920    
   1285.52014       565.003113    
   1286.58081       564.874268    
   1287.64136       564.744446    
   1288.70203       564.613708    
   1289.76270       564.481934    
   1290.82349       564.349304    
   1291.88403       564.215515    
   1292.94470       564.080872    
   1294.00537       563.945129    
   1295.06604       563.808472    
   1296.12671       563.670959    
   1297.18738       563.532288    
   1298.24805       563.392700    
   1299.30872       563.252075    
   1300.36926       563.110535    
   1301.42993       562.968018    
   1302.49072       562.824585    
   1303.55139       562.680054    
   1304.61206       562.534546    
   1305.67261       562.388062    
   1306.73328       562.240601    
   1307.79395       562.092163    
   1308.85461       561.942749    
   1309.91528       561.792480    
   1310.97595       561.641052    
   1312.03662       561.488708    
   1313.09729       561.335327    
   1314.15784       561.181030    
   1315.21863       561.025818    
   1316.27930       560.869568    
   1317.33997       560.712280    
   1318.40051       560.554016    
   1319.46118       560.394775    
   1320.52185       560.234558    
   1321.58252       560.073364    
   1322.64319       559.911316    
   1323.70386       559.748169    
   1324.76453       559.584045    
   1325.82520       559.418884    
   1326.88574       559.252808    
   1327.94653       559.085876    
   1329.00720       558.917786    
   1330.06787       558.748779    
   1331.12854       558.578735    
   1332.18909       558.407715    
   1333.24976       558.235718    
   1334.31055       558.062866    
   1335.37122       557.888977    
   1336.43176       557.713989    
   1337.49243       557.538086    
   1338.55310       557.361145    
   1339.61377       557.183350    
   1340.67444       557.004578    
   1341.73511       556.824768    
   1342.79578       556.643921    
   1343.85645       556.462097    
   1344.91699       556.279358    
   1345.97766       556.095642    
   1347.03845       555.910950    
   1348.09912       555.725281    
   1349.15967       555.538574    
   1350.22034       555.350891    
   1351.28101       555.162231    
   1352.34167       554.972595    
   1353.40234       554.782043    
   1354.46301       554.590515    
   1355.52368       554.397888    
   1356.58435       554.204346    
   1357.64490       554.009766    
   1358.70557       553.814209    
   1359.76636       553.617798    
   1360.82703       553.420349    
   1361.88770       553.221924    
   1362.94824       553.022400    
   1364.00891       552.821960    
   1365.06958       552.620544    
   1366.13037       552.418274    
   1367.19092       552.214905    
   1368.25159       552.010559    
   1369.31226       551.805237    
   1370.37292       551.598877    
   1371.43359       551.391724    
   1372.49426       551.183411    
   1373.55493       550.974121    
   1374.61560       550.763916    
   1375.67615       550.552673    
   1376.73682       550.340454    
   1377.79749       550.127319    
   1378.85828       549.913208    
   1379.91882       549.698120    
   1380.97949       549.481934    
   1382.04016       549.264832    
   1383.10083       549.046753    
   1384.16150       548.827820    
   1385.22217       548.607727    
   1386.28284       548.386658    
   1387.34351       548.164673    
   1388.40417       547.941711    
   1389.46472       547.717712    
   1390.52539       547.492737    
   1391.58618       547.266968    
   1392.64685       547.039978    
   1393.70740       546.812134    
   1394.76807       546.583252    
   1395.82874       546.353333    
   1396.88940       546.122498    
   1397.95007       545.890869    
   1399.01074       545.657959    
   1400.07141       545.424194    
   1401.13208       545.189453    
   1402.19263       544.953674    
   1403.25342       544.717041    
   1404.31409       544.479370    
   1405.37476       544.240723    
   1406.43530       544.000977    
   1407.49597       543.760376    
   1408.55664       543.518616    
   1409.61731       543.276062    
   1410.67798       543.032654    
   1411.73865       542.787964    
   1412.79932       542.542419    
   1413.85999       542.295898    
   1414.92065       542.048401    
   1415.98132       541.799988    
   1417.04199       541.550537    
   1418.10266       541.300110    
   1419.16333       541.048584    
   1420.22388       540.796204    
   1421.28455       540.542786    
   1422.34521       540.288330    
   1423.40601       540.033081    
   1424.46655       539.776733    
   1425.52722       539.519409    
   1426.58789       539.261108    
   1427.64856       539.001831    
   1428.70923       538.741638    
   1429.76990       538.480408    
   1430.83057       538.218201    
   1431.89124       537.954895    
   1432.95178       537.690735    
   1434.01245       537.425598    
   1435.07324       537.159485    
   1436.13391       536.892334    
   1437.19446       536.624329    
   1438.25513       536.355103    
   1439.31580       536.085083    
   1440.37646       535.814026    
   1441.43713       535.541992    
   1442.49780       535.269043    
   1443.55847       534.995056    
   1444.61914       534.720093    
   1445.67981       534.444031    
   1446.74036       534.167114    
   1447.80115       533.889221    
   1448.86182       533.610352    
   1449.92249       533.330505    
   1450.98303       533.049561    
   1452.04370       532.767700    
   1453.10437       532.484924    
   1454.16504       532.201111    
   1455.22571       531.916382    
   1456.28638       531.630615    
   1457.34705       531.343872    
   1458.40771       531.056091    
   1459.46826       530.767395    
   1460.52905       530.477844    
   1461.58972       530.187073    
   1462.65039       529.895447    
   1463.71094       529.602844    
   1464.77161       529.309143    
   1465.83228       529.014526    
   1466.89307       528.719116    
   1467.95374       528.422546    
   1469.01428       528.124939    
   1470.07495       527.826477    
   1471.13562       527.526978    
   1472.19629       527.226379    
   1473.25696       526.925110    
   1474.31763       526.622559    
   1475.37830       526.319153    
   1476.43896       526.014709    
   1477.49951       525.709290    
   1478.56018       525.402954    
   1479.62097       525.095703    
   1480.68164       524.787354    
   1481.74219       524.478027    
   1482.80286       524.167725    
   1483.86353       523.856445    
   1484.92419       523.544128    
   1485.98486       523.231079    
   1487.04553       522.916870    
   1488.10620       522.601562    
   1489.16687       522.285400    
   1490.22742       521.968140    
   1491.28809       521.650024    
   1492.34888       521.331055    
   1493.40955       521.010925    
   1494.47021       520.689880    
   1495.53076       520.367737    
   1496.59143       520.044739    
   1497.65210       519.720581    
   1498.71289       519.395691    
   1499.77344       519.069763    
   1500.83411       518.742737    
   1501.89478       518.414795    
   1502.95544       518.085815    
   1504.01611       517.755981    
   1505.07678       517.425110    
   1506.13745       517.093262    
   1507.19812       516.760376    
   1508.25867       516.426514    
   1509.31934       516.091736    
   1510.38000       515.755920    
   1511.44080       515.419128    
   1512.50134       515.081482    
   1513.56201       514.742615    
   1514.62268       514.402893    
   1515.68335       514.062195    
   1516.74402       513.720581    
   1517.80469       513.377930    
   1518.86536       513.034302    
   1519.92603       512.689697    
   1520.98669       512.343933    
   1522.04724       511.997437    
   1523.10791       511.649841    
   1524.16870       511.301331    
   1525.22937       510.951782    
   1526.28992       510.601379    
   1527.35059       510.249756    
   1528.41125       509.897278    
   1529.47192       509.543823    
   1530.53259       509.189453    
   1531.59326       508.834045    
   1532.65393       508.477661    
   1533.71460       508.120239    
   1534.77515       507.761841    
   1535.83594       507.402710    
   1536.89661       507.042358    
   1537.95728       506.680908    
   1539.01782       506.318726    
   1540.07849       505.955322    
   1541.13916       505.591064    
   1542.19983       505.225952    
   1543.26050       504.859741    
   1544.32117       504.492554    
   1545.38184       504.124390    
   1546.44250       503.755249    
   1547.50305       503.385132    
   1548.56384       503.014038    
   1549.62451       502.641968    
   1550.68518       502.268799    
   1551.74585       501.894775    
   1552.80640       501.519775    
   1553.86707       501.143677    
   1554.92773       500.766724    
   1555.98853       500.388794    
   1557.04907       500.009766    
   1558.10974       499.629883    
   1559.17041       499.249023    
   1560.23108       498.867065    
   1561.29175       498.484253    
   1562.35242       498.100342    
   1563.41309       497.715454    
   1564.47375       497.329590    
   1565.53430       496.942871    
   1566.59497       496.554932    
   1567.65576       496.166382    
   1568.71643       495.776611    
   1569.77698       495.385864    
   1570.83765       494.994141    
   1571.89832       494.601440    
   1572.95898       494.207764    
   1574.01965       493.813110    
   1575.08032       493.417480    
   1576.14099       493.020874    
   1577.20166       492.623169    
   1578.26233       492.224609    
   1579.32288       491.825073    
   1580.38367       491.424561    
   1581.44434       491.023071    
   1582.50500       490.620605    
   1583.56555       490.217041    
   1584.62622       489.812622    
   1585.68689       489.407104    
   1586.74768       489.000732    
   1587.80823       488.593384    
   1588.86890       488.184937    
   1589.92957       487.775513    
   1590.99023       487.365112    
   1592.05078       486.953857    
   1593.11157       486.541626    
   1594.17224       486.128296    
   1595.23291       485.713989    
   1596.29346       485.298706    
   1597.35413       484.882446    
   1598.41479       484.465332    
   1599.47559       484.047241    
   1600.53613       483.627930    
   1601.59680       483.207764    
   1602.65747       482.786621    
   1603.71814       482.364502    
   1604.77881       481.941284    
   1605.83948       481.517334    
   1606.90015       481.092285    
   1607.96082       480.666260    
   1609.02148       480.239258    
   1610.08203       479.811157    
   1611.14270       479.382202    
   1612.20349       478.952271    
   1613.26416       478.521240    
   1614.32471       478.089355    
   1615.38538       477.656494    
   1616.44604       477.222412    
   1617.50671       476.787598    
   1618.56738       476.351929    
   1619.62805       475.914917    
   1620.68872       475.477173    
   1621.74939       475.038330    
   1622.80994       474.598511    
   1623.87061       474.157715    
   1624.93140       473.716187    
   1625.99207       473.273438    
   1627.05261       472.829712    
   1628.11328       472.385010    
   1629.17395       471.939209    
   1630.23462       471.492554    
   1631.29541       471.045044    
   1632.35596       470.596436    
   1633.41663       470.146851    
   1634.47729       469.696289    
   1635.53796       469.244751    
   1636.59863       468.792236    
   1637.65930       468.338745    
   1638.71997       467.884277    
   1639.78064       467.428589    
   1640.84119       466.972290    
   1641.90186       466.514771    
   1642.96252       466.056274    
   1644.02332       465.597046    
   1645.08386       465.136597    
   1646.14453       464.675171    
   1647.20520       464.212891    
   1648.26587       463.749512    
   1649.32654       463.285278    
   1650.38721       462.820068    
   1651.44788       462.353760    
   1652.50854       461.886353    
   1653.56909       461.418213    
   1654.62976       460.949097    
   1655.69055       460.478882    
   1656.75122       460.007690    
   1657.81189       459.535522    
   1658.87244       459.062378    
   1659.93311       458.588257    
   1660.99377       458.113159    
   1662.05444       457.637085    
   1663.11511       457.160034    
   1664.17578       456.682007    
   1665.23645       456.203003    
   1666.29712       455.722900    
   1667.35767       455.241943    
   1668.41846       454.760132    
   1669.47913       454.277100    
   1670.53979       453.793213    
   1671.60034       453.308228    
   1672.66101       452.822388    
   1673.72168       452.335449    
   1674.78235       451.847656    
   1675.84302       451.358887    
   1676.90369       450.869019    
   1677.96436       450.378296    
   1679.02502       449.886353    
   1680.08557       449.393677    
   1681.14636       448.900024    
   1682.20703       448.405273    
   1683.26770       447.909546    
   1684.32837       447.412842    
   1685.38892       446.915161    
   1686.44958       446.416504    
   1687.51038       445.916992    
   1688.57104       445.416382    
   1689.63159       444.914795    
   1690.69226       444.412231    
   1691.75293       443.908691    
   1692.81360       443.404053    
   1693.87427       442.898804    
   1694.93494       442.392090    
   1695.99561       441.884644    
   1697.05627       441.376221    
   1698.11694       440.866821    
   1699.17761       440.356323    
   1700.23816       439.845093    
   1701.29883       439.332642    
   1702.35950       438.819336    
   1703.42017       438.304932    
   1704.48083       437.789673    
   1705.54150       437.273193    
   1706.60217       436.755981    
   1707.66296       436.237793    
   1708.72339       435.718628    
   1709.78406       435.198364    
   1710.84473       434.677002    
   1711.90540       434.154907    
   1712.96619       433.631836    
   1714.02686       433.107666    
   1715.08752       432.582520    
   1716.14819       432.056274    
   1717.20886       431.529297    
   1718.26941       431.001343    
   1719.33008       430.472290    
   1720.39075       429.942261    
   1721.45142       429.411133    
   1722.51208       428.879150    
   1723.57275       428.346191    
   1724.63342       427.812134    
   1725.69409       427.277100    
   1726.75464       426.741333    
   1727.81531       426.204468    
   1728.87598       425.666626    
   1729.93665       425.127686    
   1730.99731       424.587891    
   1732.05811       424.047119    
   1733.11877       423.505249    
   1734.17944       422.962524    
   1735.23987       422.418701    
   1736.30054       421.874023    
   1737.36133       421.328247    
   1738.42200       420.781616    
   1739.48267       420.233887    
   1740.54333       419.685181    
   1741.60400       419.135498    
   1742.66467       418.584839    
   1743.72534       418.033203    
   1744.78589       417.480713    
   1745.84656       416.927124    
   1746.90723       416.372559    
   1747.96790       415.816895    
   1749.02856       415.260376    
   1750.08923       414.702881    
   1751.15002       414.144531    
   1752.21069       413.584961    
   1753.27112       413.024536    
   1754.33179       412.463135    
   1755.39246       411.900757    
   1756.45325       411.337524    
   1757.51392       410.773193    
   1758.57458       410.207642    
   1759.63525       409.641357    
   1760.69592       409.073975    
   1761.75635       408.505737    
   1762.81714       407.936646    
   1763.87781       407.366211    
   1764.93848       406.795044    
   1765.99915       406.222778    
   1767.05981       405.649658    
   1768.12048       405.075317    
   1769.18115       404.500122    
   1770.24194       403.924072    
   1771.30237       403.347046    
   1772.36304       402.768921    
   1773.42371       402.189819    
   1774.48438       401.609619    
   1775.54504       401.028687    
   1776.60583       400.446777    
   1777.66650       399.863770    
   1778.72717       399.279663    
   1779.78760       398.694702    
   1780.84827       398.108765    
   1781.90906       397.521973    
   1782.96973       396.934082    
   1784.03040       396.344971    
   1785.09106       395.755127    
   1786.15173       395.164307    
   1787.21240       394.572388    
   1788.27295       393.979736    
   1789.33362       393.385986    
   1790.39429       392.791138    
   1791.45496       392.195312    
   1792.51562       391.598633    
   1793.57629       391.000854    
   1794.63696       390.402100    
   1795.69775       389.802490    
   1796.75842       389.201782    
   1797.81885       388.600220    
   1798.87952       387.997559    
   1799.94019       387.393921    
   1801.00098       386.789429    
   1802.06165       386.183838    
   1803.12231       385.577271    
   1804.18298       384.969727    
   1805.24365       384.361084    
   1806.30420       383.751831    
   1807.36487       383.141357    
   1808.42554       382.529907    
   1809.48621       381.917480    
   1810.54688       381.303833    
   1811.60754       380.689453    
   1812.66821       380.074097    
   1813.72888       379.457764    
   1814.78943       378.840576    
   1815.85010       378.222290    
   1816.91077       377.602783    
   1817.97144       376.982544    
   1819.03210       376.361206    
   1820.09290       375.739136    
   1821.15356       375.115845    
   1822.21423       374.491577    
   1823.27490       373.866333    
   1824.33533       373.240234    
   1825.39612       372.613281    
   1826.45679       371.984985    
   1827.51746       371.355835    
   1828.57812       370.725830    
   1829.63879       370.094727    
   1830.69946       369.462646    
   1831.76013       368.829468    
   1832.82068       368.195679    
   1833.88135       367.560669    
   1834.94202       366.924683    
   1836.00269       366.287720    
   1837.06335       365.649658    
   1838.12402       365.010742    
   1839.18481       364.370972    
   1840.24548       363.729980    
   1841.30591       363.088257    
   1842.36658       362.445190    
   1843.42725       361.801392    
   1844.48792       361.156616    
   1845.54871       360.510986    
   1846.60938       359.864136    
   1847.67004       359.216309    
   1848.73071       358.567505    
   1849.79138       357.917847    
   1850.85193       357.267334    
   1851.91260       356.615601    
   1852.97327       355.962891    
   1854.03394       355.309204    
   1855.09460       354.654541    
   1856.15527       353.999023    
   1857.21594       353.342285    
   1858.27661       352.684692    
   1859.33716       352.026367    
   1860.39783       351.366821    
   1861.45850       350.706299    
   1862.51917       350.044800    
   1863.57983       349.382202    
   1864.64062       348.718872    
   1865.70129       348.054443    
   1866.76196       347.389038    
   1867.82239       346.722778    
   1868.88306       346.055298    
   1869.94385       345.386963    
   1871.00452       344.717651    
   1872.06519       344.047363    
   1873.12585       343.376099    
   1874.18652       342.703613    
   1875.24719       342.030396    
   1876.30786       341.356201    
   1877.36841       340.681152    
   1878.42908       340.004883    
   1879.48975       339.327637    
   1880.55042       338.649414    
   1881.61108       337.970337    
   1882.67175       337.290161    
   1883.73254       336.609009    
   1884.79321       335.927002    
   1885.85364       335.243896    
   1886.91431       334.559937    
   1887.97498       333.874878    
   1889.03577       333.188965    
   1890.09644       332.501831    
   1891.15710       331.813843    
   1892.21777       331.124878    
   1893.27844       330.435059    
   1894.33899       329.744263    
   1895.39966       329.052246    
   1896.46033       328.359375    
   1897.52100       327.665527    
   1898.58167       326.970703    
   1899.64233       326.274658    
   1900.70300       325.577881    
   1901.76367       324.880127    
   1902.82446       324.181519    
   1903.88489       323.481812    
   1904.94556       322.781006    
   1906.00623       322.079224    
   1907.06689       321.376587    
   1908.12756       320.672852    
   1909.18835       319.968384    
   1910.24902       319.262573    
   1911.30969       318.555908    
   1912.37012       317.848389    
   1913.43079       317.139893    
   1914.49158       316.430420    
   1915.55225       315.719727    
   1916.61292       315.008179    
   1917.67358       314.295776    
   1918.73425       313.582275    
   1919.79492       312.867798    
   1920.85547       312.152588    
   1921.91614       311.436035    
   1922.97681       310.718628    
   1924.03748       310.000244    
   1925.09814       309.280884    
   1926.15881       308.560303    
   1927.21948       307.838989    
   1928.28027       307.116821    
   1929.34094       306.393555    
   1930.40137       305.669312    
   1931.46204       304.943970    
   1932.52271       304.217773    
   1933.58350       303.490601    
   1934.64417       302.762451    
   1935.70483       302.033203    
   1936.76550       301.302979    
   1937.82617       300.571777    
   1938.88672       299.839844    
   1939.94739       299.106812    
   1941.00806       298.372681    
   1942.06873       297.637573    
   1943.12939       296.901489    
   1944.19006       296.164429    
   1945.25073       295.426392    
   1946.31140       294.687500    
   1947.37195       293.947632    
   1948.43262       293.206665    
   1949.49329       292.464722    
   1950.55396       291.721802    
   1951.61462       290.977905    
   1952.67542       290.233032    
   1953.73608       289.487183    
   1954.79675       288.740356    
   1955.85742       287.992432    
   1956.91785       287.243774    
   1957.97864       286.494019    
   1959.03931       285.743164    
   1960.09998       284.991455    
   1961.16064       284.238770    
   1962.22131       283.485107    
   1963.28198       282.730225    
   1964.34265       281.974609    
   1965.40320       281.218140    
   1966.46387       280.460449    
   1967.52454       279.701904    
   1968.58521       278.942139    
   1969.64587       278.181641    
   1970.70654       277.420044    
   1971.76733       276.657593    
   1972.82800       275.894043    
   1973.88843       275.129517    
   1974.94910       274.364136    
   1976.00977       273.597656    
   1977.07043       272.830200    
   1978.13123       272.061890    
   1979.19189       271.292358    
   1980.25256       270.521973    
   1981.31323       269.750610    
   1982.37390       268.978271    
   1983.43445       268.205200    
   1984.49512       267.430786    
   1985.55579       266.655518    
   1986.61646       265.879150    
   1987.67712       265.101929    
   1988.73779       264.323608    
   1989.79846       263.544434    
   1990.85913       262.764160    
   1991.91968       261.983276    
   1992.98035       261.201050    
   1994.04102       260.417969    
   1995.10168       259.633667    
   1996.16235       258.848633    
   1997.22314       258.062622    
   1998.28381       257.275635    
   1999.34448       256.487427    
   2000.40491       255.698486    
   2001.46558       254.908447    
   2002.52637       254.117676    
   2003.58704       253.325684    
   2004.64771       252.532715    
   2005.70837       251.738647    
   2006.76904       250.943726    
   2007.82971       250.147827    
   2008.89026       249.351196    
   2009.95093       248.553345    
   2011.01160       247.754395    
   2012.07227       246.954590    
   2013.13293       246.153809    
   2014.19360       245.352051    
   2015.25427       244.549194    
   2016.31506       243.745483    
   2017.37573       242.940796    
   2018.43616       242.135254    
   2019.49683       241.328491    
   2020.55750       240.520874    
   2021.61829       239.712158    
   2022.67896       238.902588    
   2023.73962       238.092041    
   2024.80029       237.280396    
   2025.86096       236.467651    
   2026.92151       235.654419    
   2027.98218       234.839844    
   2029.04285       234.024292    
   2030.10352       233.207886    
   2031.16418       232.390259    
   2032.22485       231.571777    
   2033.28552       230.752319    
   2034.34619       229.932007    
   2035.40674       229.110840    
   2036.46741       228.288452    
   2037.52808       227.464966    
   2038.58875       226.640625    
   2039.64941       225.815308    
   2040.71021       224.989136    
   2041.77087       224.161621    
   2042.83154       223.333374    
   2043.89221       222.504150    
   2044.95264       221.674072    
   2046.01331       220.842896    
   2047.07410       220.010620    
   2048.13477       219.177490    
   2049.19531       218.343262    
   2050.25610       217.508179    
   2051.31689       216.672241    
   2052.37744       215.834839    
   2053.43799       214.997070    
   2054.49854       214.157837    
   2055.55933       213.317993    
   2056.62012       212.477051    
   2057.68066       211.634766    
   2058.74146       210.791992    
   2059.80200       209.947876    
   2060.86279       209.103027    
   2061.92334       208.257324    
   2062.98389       207.410156    
   2064.04468       206.562378    
   2065.10522       205.713501    
   2066.16602       204.863770    
   2067.22656       204.012817    
   2068.28735       203.161011    
   2069.34790       202.308105    
   2070.40869       201.454468    
   2071.46924       200.599854    
   2072.52979       199.744019    
   2073.59058       198.887329    
   2074.65112       198.029541    
   2075.71191       197.171021    
   2076.77271       196.311401    
   2077.83325       195.450684    
   2078.89404       194.588989    
   2079.95435       193.726440    
   2081.01514       192.862915    
   2082.07593       191.998535    
   2083.13647       191.132935    
   2084.19727       190.266357    
   2085.25781       189.398682    
   2086.31860       188.530396    
   2087.37915       187.660767    
   2088.43970       186.790527    
   2089.50049       185.919067    
   2090.56104       185.046631    
   2091.62183       184.173340    
   2092.68237       183.298828    
   2093.74316       182.423584    
   2094.80396       181.547241    
   2095.86450       180.669800    
   2096.92529       179.791626    
   2097.98560       178.912354    
   2099.04639       178.032227    
   2100.10718       177.151001    
   2101.16772       176.268677    
   2102.22852       175.385620    
   2103.28906       174.501343    
   2104.34985       173.616089    
   2105.41040       172.729858    
   2106.47095       171.842896    
   2107.53174       170.954956    
   2108.59229       170.065796    
   2109.65308       169.175781    
   2110.71362       168.284546    
   2111.77441       167.392578    
   2112.83496       166.499512    
   2113.89575       165.605591    
   2114.95630       164.710938    
   2116.01685       163.814697    
   2117.07764       162.917847    
   2118.13818       162.019775    
   2119.19897       161.121094    
   2120.25977       160.221191    
   2121.32031       159.320190    
   2122.38110       158.418457    
   2123.44165       157.515503    
   2124.50220       156.611938    
   2125.56299       155.707275    
   2126.62354       154.801270    
   2127.68433       153.894653    
   2128.74487       152.986816    
   2129.80566       152.078247    
   2130.86621       151.168335    
   2131.92700       150.257812    
   2132.98755       149.346313    
   2134.04810       148.433594    
   2135.10889       147.520142    
   2136.16943       146.605225    
   2137.23022       145.689819    
   2138.29077       144.773193    
   2139.35156       143.855713    
   2140.41235       142.937378    
   2141.47266       142.017822    
   2142.53345       141.097290    
   2143.59399       140.175781    
   2144.65479       139.253418    
   2145.71558       138.330200    
   2146.77612       137.405518    
   2147.83691       136.480225    
   2148.89746       135.553711    
   2149.95825       134.626587    
   2151.01880       133.698486    
   2152.07935       132.769043    
   2153.14014       131.838745    
   2154.20068       130.907349    
   2155.26147       129.975220    
   2156.32202       129.041870    
   2157.38281       128.107666    
   2158.44360       127.172607    
   2159.50391       126.236328    
   2160.56470       125.299316    
   2161.62524       124.361084    
   2162.68604       123.421997    
   2163.74683       122.481934    
   2164.80737       121.540771    
   2165.86816       120.598877    
   2166.92871       119.655640    
   2167.98926       118.711914    
   2169.05005       117.766846    
   2170.11060       116.820801    
   2171.17139       115.874023    
   2172.23193       114.925781    
   2173.29272       113.977051    
   2174.35327       113.026855    
   2175.41406       112.076172    
   2176.47461       111.124268    
   2177.53516       110.171631    
   2178.59595       109.217773    
   2179.65649       108.262695    
   2180.71729       107.307129    
   2181.77783       106.350098    
   2182.83862       105.392578    
   2183.89941       104.433838    
   2184.95996       103.473877    
   2186.02051       102.513428    
   2187.08105       101.551758    
   2188.14185       100.589111    
   2189.20264       99.6254883    
   2190.26318       98.6608887    
   2191.32397       97.6953125    
   2192.38452       96.7285156    
   2193.44531       95.7609863    
   2194.50586       94.7927246    
   2195.56641       93.8229980    
   2196.62720       92.8527832    
   2197.68774       91.8811035    
   2198.74854       90.9086914    
   2199.80908       89.9350586    
   2200.86987       88.9606934    
   2201.93042       87.9851074    
   2202.99121       87.0087891    
   2204.05176       86.0317383    
   2205.11230       85.0532227    
   2206.17310       84.0739746    
   2207.23364       83.0935059    
   2208.29443       82.1123047    
   2209.35522       81.1301270    
   2210.41577       80.1467285    
   2211.47656       79.1625977    
   2212.53687       78.1772461    
   2213.59766       77.1911621    
   2214.65845       76.2041016    
   2215.71899       75.2158203    
   2216.77979       74.2268066    
   2217.84033       73.2365723    
   2218.90112       72.2453613    
   2219.96167       71.2531738    
   2221.02222       70.2602539    
   2222.08301       69.2663574    
   2223.14355       68.2712402    
   2224.20435       67.2753906    
   2225.26489       66.2783203    
   2226.32568       65.2802734    
   2227.38647       64.2814941    
   2228.44702       63.2812500    
   2229.50781       62.2805176    
   2230.56812       61.2785645    
   2231.62891       60.2756348    
   2232.68970       59.2719727    
   2233.75024       58.2670898    
   2234.81104       57.2612305    
   2235.87158       56.2541504    
   2236.93237       55.2465820    
   2237.99292       54.2377930    
   2239.05347       53.2282715    
   2240.11426       52.2175293    
   2241.17480       51.2058105    
   2242.23560       50.1931152    
   2243.29614       49.1791992    
   2244.35693       48.1647949    
   2245.41748       47.1489258    
   2246.47827       46.1323242    
   2247.53882       45.1149902    
   2248.59937       44.0961914    
   2249.66016       43.0769043    
   2250.72070       42.0561523    
   2251.78149       41.0346680    
   2252.84229       40.0122070    
   2253.90283       38.9887695    
   2254.96362       37.9643555    
   2256.02417       36.9387207    
   2257.08472       35.9125977    
   2258.14551       34.8852539    
   2259.20605       33.8566895    
   2260.26685       32.8273926    
   2261.32739       31.7968750    
   2262.38818       30.7656250    
   2263.44873       29.7331543    
   2264.50952       28.6999512    
   2265.57007       27.6660156    
   2266.63062       26.6306152    
   2267.69141       25.5942383    
   2268.75195       24.5568848    
   2269.81274       23.5190430    
   2270.87329       22.4797363    
   2271.93408       21.4396973    
   2272.99487       20.3984375    
   2274.05518       19.3562012    
   2275.11597       18.3132324    
   2276.17651       17.2690430    
   2277.23730       16.2241211    
   2278.29810       15.1782227    
   2279.35864       14.1308594    
   2280.41943       13.0830078    
   2281.47998       12.0339355    
   2282.54077       10.9841309    
   2283.60132       9.93334961    
   2284.66187       8.88134766    
   2285.72266       7.82836914    
   2286.78320       6.77441406    
   2287.84399       5.71972656    
   2288.90454       4.66357422    
   2289.96533       3.60693359    
   2291.02612       2.54907227    
   2292.08643       1.49047852    
   2293.14722      0.430664062    
   2294.20776     -0.630371094    
