   0.00000000       0.00000000    
   1.29903805      0.749509513    
   2.59807611       1.49803805    
   3.89711428       2.24558544    
   5.19615221       2.99215198    
   6.49519014       3.73773718    
   7.79422855       4.48234177    
   9.09326649       5.22596550    
   10.3923044       5.96860790    
   11.6913424       6.71026897    
   12.9903803       7.45094967    
   14.2894192       8.19064903    
   15.5884571       8.92936802    
   16.8874950       9.66710567    
   18.1865330       10.4038620    
   19.4855709       11.1396370    
   20.7846088       11.8744316    
   22.0836468       12.6082458    
   23.3826847       13.3410769    
   24.6817226       14.0729294    
   25.9807606       14.8037987    
   27.2797985       15.5336885    
   28.5788383       16.2625980    
   29.8778744       16.9905262    
   31.1769142       17.7174721    
   32.4759521       18.4434376    
   33.7749901       19.1684227    
   35.0740242       19.8924236    
   36.3730659       20.6154480    
   37.6721039       21.3374901    
   38.9711418       22.0585480    
   40.2701797       22.7786293    
   41.5692177       23.4977283    
   42.8682556       24.2158432    
   44.1672935       24.9329815    
   45.4663315       25.6491375    
   46.7653694       26.3643093    
   48.0644112       27.0785046    
   49.3634453       27.7917175    
   50.6624832       28.5039482    
   51.9615211       29.2151985    
   53.2605629       29.9254704    
   54.5595970       30.6347561    
   55.8586349       31.3430653    
   57.1576767       32.0503922    
   58.4567108       32.7567368    
   59.7557487       33.4621010    
   61.0547905       34.1664848    
   62.3538284       34.8698883    
   63.6528625       35.5723114    
   64.9519043       36.2737503    
   66.2509384       36.9742088    
   67.5499802       37.6736870    
   68.8490143       38.3721809    
   70.1480484       39.0696983    
   71.4470978       39.7662392    
   72.7461319       40.4617920    
   74.0451736       41.1563644    
   75.3442078       41.8499565    
   76.6432419       42.5425644    
   77.9422836       43.2341957    
   79.2413254       43.9248505    
   80.5403595       44.6145172    
   81.8394012       45.3032074    
   83.1384354       45.9909134    
   84.4374695       46.6776390    
   85.7365112       47.3633766    
   87.0355453       48.0481415    
   88.3345871       48.7319260    
   89.6336288       49.4147301    
   90.9326630       50.0965500    
   92.2317047       50.7773895    
   93.5307388       51.4572449    
   94.8297729       52.1361237    
   96.1288223       52.8140221    
   97.4278564       53.4909363    
   98.7268906       54.1668701    
   100.025932       54.8418274    
   101.324966       55.5157928    
   102.624001       56.1887856    
   103.923042       56.8607979    
   105.222084       57.5318298    
   106.521126       58.2018776    
   107.820160       58.8709450    
   109.119194       59.5390282    
   110.418236       60.2061348    
   111.717270       60.8722610    
   113.016312       61.5374069    
   114.315353       62.2015686    
   115.614388       62.8647499    
   116.913422       63.5269508    
   118.212463       64.1881714    
   119.511497       64.8484116    
   120.810539       65.5076675    
   122.109581       66.1659393    
   123.408615       66.8232346    
   124.707657       67.4795532    
   126.006691       68.1348877    
   127.305725       68.7892380    
   128.604767       69.4426117    
   129.903809       70.0950012    
   131.202850       70.7464066    
   132.501877       71.3968353    
   133.800919       72.0462875    
   135.099960       72.6947556    
   136.398987       73.3422394    
   137.698029       73.9887314    
   138.997070       74.6342621    
   140.296097       75.2788010    
   141.595154       75.9223709    
   142.894196       76.5649490    
   144.193222       77.2065506    
   145.492264       77.8471680    
   146.791306       78.4868088    
   148.090347       79.1254654    
   149.389374       79.7631378    
   150.688416       80.3998337    
   151.987457       81.0355453    
   153.286484       81.6702728    
   154.585526       82.3040237    
   155.884567       82.9367905    
   157.183594       83.5685806    
   158.482651       84.1993942    
   159.781693       84.8292236    
   161.080719       85.4580688    
   162.379761       86.0859375    
   163.678802       86.7128220    
   164.977829       87.3387222    
   166.276871       87.9636459    
   167.575912       88.5875854    
   168.874939       89.2105484    
   170.173981       89.8325195    
   171.473022       90.4535217    
   172.772049       91.0735397    
   174.071091       91.6925735    
   175.370148       92.3106384    
   176.669174       92.9277115    
   177.968216       93.5438080    
   179.267258       94.1589203    
   180.566299       94.7730484    
   181.865326       95.3862000    
   183.164368       95.9983673    
   184.463409       96.6095581    
   185.762436       97.2197571    
   187.061478       97.8289871    
   188.360519       98.4372330    
   189.659546       99.0444946    
   190.958588       99.6507797    
   192.257645       100.256088    
   193.556671       100.860413    
   194.855713       101.463753    
   196.154755       102.066109    
   197.453781       102.667488    
   198.752823       103.267883    
   200.051865       103.867302    
   201.350891       104.465736    
   202.649933       105.063187    
   203.948975       105.659660    
   205.248001       106.255150    
   206.547043       106.849663    
   207.846085       107.443192    
   209.145126       108.035751    
   210.444168       108.627319    
   211.743210       109.217903    
   213.042252       109.807510    
   214.341278       110.396133    
   215.640320       110.983780    
   216.939362       111.570450    
   218.238388       112.156120    
   219.537430       112.740822    
   220.836472       113.324539    
   222.135498       113.907288    
   223.434540       114.489052    
   224.733597       115.069824    
   226.032623       115.649620    
   227.331665       116.228439    
   228.630707       116.806274    
   229.929733       117.383125    
   231.228775       117.959000    
   232.527817       118.533890    
   233.826843       119.107803    
   235.125885       119.680733    
   236.424927       120.252678    
   237.723953       120.823647    
   239.022995       121.393631    
   240.322037       121.962639    
   241.621078       122.530663    
   242.920120       123.097702    
   244.219162       123.663765    
   245.518204       124.228851    
   246.817230       124.792953    
   248.116272       125.356071    
   249.415314       125.918205    
   250.714340       126.479370    
   252.013382       127.039543    
   253.312424       127.598740    
   254.611450       128.156952    
   255.910492       128.714188    
   257.209534       129.270447    
   258.508575       129.825714    
   259.807617       130.380005    
   261.106659       130.933304    
   262.405701       131.485641    
   263.704742       132.036987    
   265.003754       132.587357    
   266.302795       133.136734    
   267.601837       133.685135    
   268.900879       134.232574    
   270.199921       134.779007    
   271.498962       135.324463    
   272.797974       135.868958    
   274.097015       136.412430    
   275.396057       136.954956    
   276.695099       137.496490    
   277.994141       138.037048    
   279.293182       138.576630    
   280.592194       139.115219    
   281.891235       139.652832    
   283.190308       140.189484    
   284.489349       140.725128    
   285.788391       141.259796    
   287.087433       141.793488    
   288.386444       142.326202    
   289.685486       142.857925    
   290.984528       143.388672    
   292.283569       143.918442    
   293.582611       144.447220    
   294.881653       144.975021    
   296.180695       145.501846    
   297.479706       146.027695    
   298.778748       146.552551    
   300.077789       147.076431    
   301.376831       147.599335    
   302.675873       148.121246    
   303.974915       148.642181    
   305.273926       149.162140    
   306.572968       149.681091    
   307.872009       150.199097    
   309.171051       150.716110    
   310.470093       151.232132    
   311.769135       151.747192    
   313.068146       152.261261    
   314.367188       152.774353    
   315.666229       153.286453    
   316.965302       153.797592    
   318.264343       154.307739    
   319.563385       154.816895    
   320.862396       155.325089    
   322.161438       155.832291    
   323.460480       156.338501    
   324.759521       156.843750    
   326.058563       157.348007    
   327.357605       157.851288    
   328.656647       158.353577    
   329.955658       158.854904    
   331.254700       159.355240    
   332.553741       159.854584    
   333.852783       160.352966    
   335.151825       160.850357    
   336.450867       161.346771    
   337.749878       161.842194    
   339.048920       162.336639    
   340.347961       162.830109    
   341.647003       163.322586    
   342.946045       163.814102    
   344.245087       164.304626    
   345.544098       164.794174    
   346.843140       165.282730    
   348.142181       165.770309    
   349.441254       166.256927    
   350.740295       166.742554    
   352.039337       167.227188    
   353.338348       167.710846    
   354.637390       168.193527    
   355.936432       168.675217    
   357.235474       169.155945    
   358.534515       169.635666    
   359.833557       170.114426    
   361.132599       170.592194    
   362.431610       171.068985    
   363.730652       171.544800    
   365.029694       172.019623    
   366.328735       172.493484    
   367.627777       172.966339    
   368.926819       173.438232    
   370.225830       173.909134    
   371.524872       174.379044    
   372.823914       174.847992    
   374.122955       175.315948    
   375.421997       175.782928    
   376.721039       176.248932    
   378.020050       176.713959    
   379.319092       177.177994    
   380.618134       177.641052    
   381.917175       178.103134    
   383.216248       178.564240    
   384.515289       179.024353    
   385.814301       179.483490    
   387.113342       179.941635    
   388.412384       180.398804    
   389.711426       180.854996    
   391.010468       181.310211    
   392.309509       181.764435    
   393.608551       182.217682    
   394.907562       182.669952    
   396.206604       183.121231    
   397.505646       183.571533    
   398.804688       184.020874    
   400.103729       184.469208    
   401.402771       184.916565    
   402.701782       185.362946    
   404.000824       185.808334    
   405.299866       186.252747    
   406.598907       186.696198    
   407.897949       187.138641    
   409.196991       187.580124    
   410.496002       188.020615    
   411.795044       188.460129    
   413.094086       188.898666    
   414.393127       189.336212    
   415.692169       189.772797    
   416.991241       190.208389    
   418.290253       190.642990    
   419.589294       191.076630    
   420.888336       191.509277    
   422.187378       191.940933    
   423.486420       192.371613    
   424.785461       192.801331    
   426.084503       193.230042    
   427.383514       193.657791    
   428.682556       194.084549    
   429.981598       194.510330    
   431.280640       194.935120    
   432.579681       195.358948    
   433.878723       195.781784    
   435.177734       196.203644    
   436.476776       196.624496    
   437.775818       197.044388    
   439.074860       197.463303    
   440.373901       197.881226    
   441.672943       198.298187    
   442.971954       198.714157    
   444.270996       199.129150    
   445.570038       199.543167    
   446.869080       199.956192    
   448.168121       200.368240    
   449.467194       200.779297    
   450.766205       201.189377    
   452.065247       201.598480    
   453.364288       202.006607    
   454.663330       202.413742    
   455.962372       202.819916    
   457.261414       203.225082    
   458.560455       203.629272    
   459.859467       204.032501    
   461.158508       204.434738    
   462.457550       204.835999    
   463.756592       205.236267    
   465.055634       205.635559    
   466.354675       206.033875    
   467.653687       206.431198    
   468.952728       206.827545    
   470.251770       207.222931    
   471.550812       207.617310    
   472.849854       208.010712    
   474.148895       208.403137    
   475.447906       208.794586    
   476.746948       209.185043    
   478.045990       209.574524    
   479.345032       209.963043    
   480.644073       210.350555    
   481.943115       210.737091    
   483.242157       211.122650    
   484.541199       211.507233    
   485.840240       211.890808    
   487.139282       212.273438    
   488.438324       212.655060    
   489.737366       213.035736    
   491.036407       213.415405    
   492.335419       213.794098    
   493.634460       214.171799    
   494.933502       214.548523    
   496.232544       214.924286    
   497.531586       215.299042    
   498.830627       215.672821    
   500.129639       216.045639    
   501.428680       216.417465    
   502.727722       216.788300    
   504.026764       217.158173    
   505.325806       217.527054    
   506.624847       217.894958    
   507.923859       218.261871    
   509.222900       218.627808    
   510.521942       218.992767    
   511.820984       219.356750    
   513.119995       219.719742    
   514.419067       220.081757    
   515.718140       220.442780    
   517.017151       220.802826    
   518.316223       221.161896    
   519.615234       221.519989    
   520.914246       221.877075    
   522.213318       222.233231    
   523.512329       222.588364    
   524.811401       222.942551    
   526.110413       223.295715    
   527.409485       223.647949    
   528.708435       223.999146    
   530.007507       224.349411    
   531.306519       224.698639    
   532.605591       225.046951    
   533.904663       225.394241    
   535.203674       225.740570    
   536.502747       226.085892    
   537.801758       226.430267    
   539.100830       226.773621    
   540.399841       227.116028    
   541.698914       227.457428    
   542.997925       227.797882    
   544.296936       228.137329    
   545.595947       228.475800    
   546.895020       228.813293    
   548.194031       229.149780    
   549.493103       229.485321    
   550.792114       229.819855    
   552.091187       230.153442    
   553.390198       230.485992    
   554.689270       230.817627    
   555.988281       231.148224    
   557.287354       231.477890    
   558.586365       231.806519    
   559.885437       232.134232    
   561.184387       232.460907    
   562.483459       232.786652    
   563.782471       233.111359    
   565.081543       233.435150    
   566.380615       233.757904    
   567.679626       234.079712    
   568.978699       234.400513    
   570.277710       234.720352    
   571.576782       235.039185    
   572.875793       235.357071    
   574.174866       235.673950    
   575.473877       235.989868    
   576.772888       236.304779    
   578.071899       236.618744    
   579.370972       236.931702    
   580.669983       237.243652    
   581.969055       237.554688    
   583.268066       237.864685    
   584.567139       238.173752    
   585.866150       238.481781    
   587.165222       238.788879    
   588.464233       239.094971    
   589.763306       239.400085    
   591.062317       239.704224    
   592.361389       240.007385    
   593.660339       240.309540    
   594.959412       240.610748    
   596.258423       240.910950    
   597.557495       241.210205    
   598.856567       241.508438    
   600.155579       241.805725    
   601.454651       242.101990    
   602.753662       242.397308    
   604.052734       242.691620    
   605.351746       242.984985    
   606.650818       243.277344    
   607.949829       243.568726    
   609.248840       243.859131    
   610.547852       244.148560    
   611.846924       244.436981    
   613.145935       244.724426    
   614.445007       245.010925    
   615.744019       245.296387    
   617.043091       245.580933    
   618.342102       245.864441    
   619.641174       246.147034    
   620.940186       246.428574    
   622.239258       246.709183    
   623.538269       246.988785    
   624.837341       247.267426    
   626.136292       247.545059    
   627.435364       247.821747    
   628.734375       248.097412    
   630.033447       248.372131    
   631.332458       248.645844    
   632.631531       248.918610    
   633.930603       249.190369    
   635.229614       249.461151    
   636.528687       249.730927    
   637.827698       249.999786    
   639.126770       250.267609    
   640.425781       250.534470    
   641.724792       250.800323    
   643.023804       251.065247    
   644.322876       251.329132    
   645.621887       251.592072    
   646.920959       251.854034    
   648.219971       252.114990    
   649.519043       252.375000    
   650.818054       252.633987    
   652.117126       252.892029    
   653.416138       253.149063    
   654.715210       253.405151    
   656.014221       253.660217    
   657.313293       253.914337    
   658.612244       254.167450    
   659.911316       254.419617    
   661.210327       254.670746    
   662.509399       254.920944    
   663.808411       255.170135    
   665.107483       255.418365    
   666.406555       255.665604    
   667.705566       255.911865    
   669.004639       256.157104    
   670.303650       256.401428    
   671.602722       256.644714    
   672.901733       256.887085    
   674.200745       257.128418    
   675.499756       257.368805    
   676.798828       257.608185    
   678.097839       257.846558    
   679.396912       258.084015    
   680.695923       258.320435    
   681.994995       258.555939    
   683.294006       258.790405    
   684.593079       259.023926    
   685.892090       259.256409    
   687.191162       259.487976    
   688.490173       259.718506    
   689.789246       259.948120    
   691.088196       260.176697    
   692.387268       260.404358    
   693.686279       260.630981    
   694.985352       260.856628    
   696.284363       261.081299    
   697.583435       261.304993    
   698.882507       261.527710    
   700.181519       261.749451    
   701.480591       261.970184    
   702.779602       262.189972    
   704.078674       262.408752    
   705.377686       262.626587    
   706.676697       262.843384    
   707.975708       263.059235    
   709.274780       263.274109    
   710.573792       263.487976    
   711.872864       263.700867    
   713.171875       263.912781    
   714.470947       264.123749    
   715.769958       264.333679    
   717.069031       264.542664    
   718.368042       264.750671    
   719.667114       264.957703    
   720.966125       265.163696    
   722.265198       265.368774    
   723.564148       265.572845    
   724.863220       265.775940    
   726.162231       265.978058    
   727.461304       266.179199    
   728.760315       266.379333    
   730.059387       266.578522    
   731.358398       266.776672    
   732.657471       266.973938    
   733.956543       267.170135    
   735.255554       267.365387    
   736.554626       267.559631    
   737.853638       267.752930    
   739.152649       267.945221    
   740.451660       268.136536    
   741.750732       268.326904    
   743.049744       268.516235    
   744.348816       268.704620    
   745.647827       268.891998    
   746.946899       269.078430    
   748.245911       269.263855    
   749.544983       269.448303    
   750.843994       269.631775    
   752.143066       269.814270    
   753.442078       269.995789    
   754.741150       270.176331    
   756.040100       270.355835    
   757.339172       270.534424    
   758.638184       270.712036    
   759.937256       270.888641    
   761.236267       271.064240    
   762.535339       271.238892    
   763.834351       271.412537    
   765.133423       271.585266    
   766.432495       271.756958    
   767.731506       271.927673    
   769.030579       272.097412    
   770.329590       272.266174    
   771.628601       272.433929    
   772.927612       272.600739    
   774.226685       272.766541    
   775.525696       272.931366    
   776.824768       273.095215    
   778.123779       273.258087    
   779.422852       273.419983    
   780.721863       273.580872    
   782.020935       273.740845    
   783.319946       273.899780    
   784.619019       274.057739    
   785.918030       274.214722    
   787.217102       274.370728    
   788.516052       274.525757    
   789.815125       274.679810    
   791.114136       274.832825    
   792.413208       274.984924    
   793.712219       275.136047    
   795.011292       275.286163    
   796.310303       275.435303    
   797.609375       275.583466    
   798.908447       275.730621    
   800.207458       275.876831    
   801.506531       276.022034    
   802.805542       276.166260    
   804.104553       276.309509    
   805.403564       276.451782    
   806.702637       276.593079    
   808.001648       276.733368    
   809.300720       276.872711    
   810.599731       277.011047    
   811.898804       277.148438    
   813.197815       277.284790    
   814.496887       277.420227    
   815.795898       277.554626    
   817.094971       277.688080    
   818.393982       277.820526    
   819.693054       277.952026    
   820.992004       278.082520    
   822.291077       278.212036    
   823.590088       278.340576    
   824.889160       278.468140    
   826.188171       278.594696    
   827.487244       278.720306    
   828.786255       278.844910    
   830.085327       278.968567    
   831.384338       279.091187    
   832.683411       279.212860    
   833.982483       279.333557    
   835.281494       279.453247    
   836.580505       279.571960    
   837.879517       279.689758    
   839.178589       279.806488    
   840.477600       279.922241    
   841.776672       280.037079    
   843.075684       280.150879    
   844.374756       280.263733    
   845.673767       280.375580    
   846.972839       280.486481    
   848.271851       280.596375    
   849.570923       280.705292    
   850.869934       280.813232    
   852.169006       280.920197    
   853.467957       281.026154    
   854.767029       281.131165    
   856.066040       281.235168    
   857.365112       281.338196    
   858.664124       281.440247    
   859.963196       281.541321    
   861.262207       281.641388    
   862.561279       281.740479    
   863.860291       281.838623    
   865.159363       281.935791    
   866.458435       282.031921    
   867.757446       282.127136    
   869.056458       282.221313    
   870.355469       282.314575    
   871.654541       282.406769    
   872.953552       282.498016    
   874.252625       282.588318    
   875.551636       282.677612    
   876.850708       282.765930    
   878.149719       282.853271    
   879.448792       282.939606    
   880.747803       283.024963    
   882.046875       283.109375    
   883.345886       283.192780    
   884.644958       283.275238    
   885.943909       283.356659    
   887.242981       283.437134    
   888.541992       283.516632    
   889.841064       283.595154    
   891.140076       283.672668    
   892.439148       283.749207    
   893.738159       283.824768    
   895.037231       283.899353    
   896.336243       283.972961    
   897.635315       284.045563    
   898.934387       284.117188    
   900.233398       284.187866    
   901.532410       284.257507    
   902.831421       284.326233    
   904.130493       284.393921    
   905.429504       284.460693    
   906.728577       284.526428    
   908.027588       284.591217    
   909.326660       284.654968    
   910.625671       284.717834    
   911.924744       284.779633    
   913.223755       284.840485    
   914.522827       284.900330    
   915.821838       284.959229    
   917.120911       285.017120    
   918.419861       285.074097    
   919.718933       285.130005    
   921.017944       285.184967    
   922.317017       285.238953    
   923.616028       285.291962    
   924.915100       285.343994    
   926.214111       285.395020    
   927.513184       285.445068    
   928.812195       285.494141    
   930.111267       285.542236    
   931.410339       285.589294    
   932.709351       285.635498    
   934.008362       285.680603    
   935.307373       285.724792    
   936.606445       285.767975    
   937.905457       285.810181    
   939.204529       285.851410    
   940.503540       285.891693    
   941.802612       285.930908    
   943.101624       285.969208    
   944.400696       286.006531    
   945.699707       286.042847    
   946.998779       286.078186    
   948.297791       286.112549    
   949.596863       286.145905    
   950.895813       286.178345    
   952.194885       286.209747    
   953.493896       286.240173    
   954.792969       286.269653    
   956.091980       286.298126    
   957.391052       286.325592    
   958.690063       286.352142    
   959.989136       286.377655    
   961.288147       286.402222    
   962.587219       286.425781    
   963.886230       286.448364    
   965.185303       286.469971    
   966.484314       286.490570    
   967.783325       286.510223    
   969.082397       286.528900    
   970.381409       286.546600    
   971.680481       286.563263    
   972.979492       286.579010    
   974.278564       286.593719    
   975.577576       286.607513    
   976.876648       286.620270    
   978.175659       286.632080    
   979.474731       286.642914    
   980.773743       286.652740    
   982.072815       286.661591    
   983.371765       286.669464    
   984.670837       286.676361    
   985.969849       286.682281    
   987.268921       286.687195    
   988.567932       286.691162    
   989.867004       286.694092    
   991.166016       286.696136    
   992.465088       286.697113    
   993.764099       286.697144    
   995.063171       286.696198    
   996.362183       286.694275    
   997.661255       286.691315    
   998.960266       286.687408    
   1000.25928       286.682556    
   1001.55835       286.676697    
   1002.85736       286.669861    
   1004.15643       286.661987    
   1005.45544       286.653229    
   1006.75452       286.643433    
   1008.05353       286.632660    
   1009.35260       286.620911    
   1010.65161       286.608215    
   1011.95068       286.594452    
   1013.24969       286.579834    
   1014.54877       286.564117    
   1015.84772       286.547485    
   1017.14679       286.529846    
   1018.44580       286.511230    
   1019.74487       286.491638    
   1021.04388       286.471069    
   1022.34296       286.449493    
   1023.64197       286.426971    
   1024.94104       286.403442    
   1026.23999       286.378967    
   1027.53906       286.353485    
   1028.83813       286.327026    
   1030.13721       286.299561    
   1031.43628       286.271118    
   1032.73523       286.241730    
   1034.03430       286.211334    
   1035.33337       286.179993    
   1036.63245       286.147614    
   1037.93140       286.114288    
   1039.23047       286.079987    
   1040.52954       286.044678    
   1041.82849       286.008392    
   1043.12756       285.971191    
   1044.42664       285.932922    
   1045.72571       285.893707    
   1047.02466       285.853516    
   1048.32373       285.812378    
   1049.62280       285.770203    
   1050.92188       285.727020    
   1052.22083       285.682922    
   1053.51990       285.637878    
   1054.81897       285.591766    
   1056.11792       285.544678    
   1057.41687       285.496613    
   1058.71594       285.447662    
   1060.01501       285.397644    
   1061.31409       285.346619    
   1062.61304       285.294647    
   1063.91211       285.241669    
   1065.21118       285.187805    
   1066.51025       285.132874    
   1067.80933       285.076965    
   1069.10828       285.020081    
   1070.40735       284.962250    
   1071.70642       284.903412    
   1073.00549       284.843567    
   1074.30444       284.782776    
   1075.60352       284.721069    
   1076.90259       284.658264    
   1078.20166       284.594513    
   1079.50061       284.529816    
   1080.79968       284.464142    
   1082.09875       284.397461    
   1083.39783       284.329742    
   1084.69678       284.261108    
   1085.99585       284.191528    
   1087.29492       284.120911    
   1088.59387       284.049316    
   1089.89282       283.976715    
   1091.19189       283.903229    
   1092.49097       283.828644    
   1093.79004       283.753143    
   1095.08899       283.676636    
   1096.38806       283.599152    
   1097.68713       283.520752    
   1098.98621       283.441284    
   1100.28528       283.360840    
   1101.58423       283.279449    
   1102.88330       283.197113    
   1104.18237       283.113739    
   1105.48145       283.029358    
   1106.78040       282.944061    
   1108.07947       282.857819    
   1109.37854       282.770477    
   1110.67761       282.682220    
   1111.97656       282.592987    
   1113.27563       282.502777    
   1114.57471       282.411560    
   1115.87378       282.319336    
   1117.17273       282.226166    
   1118.47180       282.132050    
   1119.77087       282.036926    
   1121.06982       281.940796    
   1122.36877       281.843689    
   1123.66785       281.745667    
   1124.96692       281.646576    
   1126.26599       281.546539    
   1127.56494       281.445526    
   1128.86401       281.343475    
   1130.16309       281.240570    
   1131.46216       281.136566    
   1132.76123       281.031616    
   1134.06018       280.925690    
   1135.35925       280.818817    
   1136.65833       280.710938    
   1137.95740       280.602020    
   1139.25635       280.492188    
   1140.55542       280.381409    
   1141.85449       280.269562    
   1143.15356       280.156769    
   1144.45251       280.042999    
   1145.75159       279.928284    
   1147.05066       279.812561    
   1148.34973       279.695801    
   1149.64868       279.578125    
   1150.94775       279.459473    
   1152.24683       279.339813    
   1153.54578       279.219116    
   1154.84473       279.097504    
   1156.14380       278.974976    
   1157.44287       278.851349    
   1158.74194       278.726776    
   1160.04089       278.601257    
   1161.33997       278.474701    
   1162.63904       278.347260    
   1163.93811       278.218719    
   1165.23718       278.089264    
   1166.53613       277.958801    
   1167.83521       277.827423    
   1169.13428       277.695007    
   1170.43335       277.561554    
   1171.73230       277.427216    
   1173.03137       277.291870    
   1174.33044       277.155548    
   1175.62952       277.018219    
   1176.92847       276.879913    
   1178.22754       276.740692    
   1179.52661       276.600372    
   1180.82568       276.459137    
   1182.12463       276.316925    
   1183.42371       276.173767    
   1184.72278       276.029572    
   1186.02173       275.884369    
   1187.32068       275.738220    
   1188.61975       275.591156    
   1189.91882       275.443024    
   1191.21790       275.293915    
   1192.51685       275.143860    
   1193.81592       274.992798    
   1195.11499       274.840820    
   1196.41406       274.687775    
   1197.71313       274.533752    
   1199.01208       274.378784    
   1200.31116       274.222870    
   1201.61023       274.065948    
   1202.90930       273.907990    
   1204.20825       273.749084    
   1205.50732       273.589233    
   1206.80640       273.428375    
   1208.10547       273.266510    
   1209.40442       273.103699    
   1210.70349       272.939941    
   1212.00256       272.775116    
   1213.30164       272.609344    
   1214.60059       272.442627    
   1215.89966       272.274933    
   1217.19873       272.106201    
   1218.49768       271.936493    
   1219.79663       271.765839    
   1221.09570       271.594238    
   1222.39478       271.421570    
   1223.69385       271.247955    
   1224.99280       271.073334    
   1226.29187       270.897766    
   1227.59094       270.721252    
   1228.89001       270.543671    
   1230.18896       270.365173    
   1231.48804       270.185638    
   1232.78711       270.005219    
   1234.08618       269.823730    
   1235.38525       269.641266    
   1236.68420       269.457855    
   1237.98328       269.273468    
   1239.28235       269.088104    
   1240.58142       268.901672    
   1241.88037       268.714355    
   1243.17944       268.526093    
   1244.47852       268.336731    
   1245.77759       268.146454    
   1247.07654       267.955200    
   1248.37561       267.762970    
   1249.67468       267.569733    
   1250.97363       267.375458    
   1252.27258       267.180298    
   1253.57166       266.984131    
   1254.87073       266.786987    
   1256.16980       266.588837    
   1257.46875       266.389709    
   1258.76782       266.189606    
   1260.06689       265.988525    
   1261.36597       265.786469    
   1262.66492       265.583435    
   1263.96399       265.379364    
   1265.26306       265.174438    
   1266.56213       264.968414    
   1267.86121       264.761444    
   1269.16016       264.553497    
   1270.45923       264.344604    
   1271.75830       264.134674    
   1273.05737       263.923737    
   1274.35632       263.711884    
   1275.65540       263.499115    
   1276.95447       263.285217    
   1278.25354       263.070404    
   1279.55249       262.854584    
   1280.85156       262.637878    
   1282.15063       262.420105    
   1283.44958       262.201324    
   1284.74854       261.981628    
   1286.04761       261.760956    
   1287.34668       261.539276    
   1288.64575       261.316559    
   1289.94470       261.092926    
   1291.24377       260.868317    
   1292.54285       260.642731    
   1293.84192       260.416138    
   1295.14087       260.188599    
   1296.43994       259.959991    
   1297.73901       259.730530    
   1299.03809       259.499969    
   1300.33716       259.268463    
   1301.63611       259.036011    
   1302.93518       258.802582    
   1304.23425       258.568146    
   1305.53333       258.332703    
   1306.83228       258.096313    
   1308.13135       257.858948    
   1309.43042       257.620605    
   1310.72949       257.381256    
   1312.02844       257.140900    
   1313.32751       256.899658    
   1314.62659       256.657349    
   1315.92554       256.414062    
   1317.22449       256.169861    
   1318.52356       255.924652    
   1319.82263       255.678436    
   1321.12170       255.431213    
   1322.42065       255.183044    
   1323.71973       254.933899    
   1325.01880       254.683777    
   1326.31787       254.432678    
   1327.61682       254.180603    
   1328.91589       253.927490    
   1330.21497       253.673462    
   1331.51404       253.418396    
   1332.81311       253.162415    
   1334.11206       252.905396    
   1335.41113       252.647461    
   1336.71021       252.388489    
   1338.00928       252.128479    
   1339.30823       251.867615    
   1340.60730       251.605713    
   1341.90637       251.342834    
   1343.20544       251.078918    
   1344.50439       250.814087    
   1345.80347       250.548340    
   1347.10254       250.281494    
   1348.40149       250.013672    
   1349.70044       249.744934    
   1350.99951       249.475220    
   1352.29858       249.204468    
   1353.59766       248.932739    
   1354.89661       248.660034    
   1356.19568       248.386353    
   1357.49475       248.111755    
   1358.79382       247.836060    
   1360.09277       247.559448    
   1361.39185       247.281860    
   1362.69092       247.003357    
   1363.98999       246.723755    
   1365.28906       246.443176    
   1366.58801       246.161621    
   1367.88708       245.879211    
   1369.18616       245.595642    
   1370.48523       245.311218    
   1371.78418       245.025757    
   1373.08325       244.739380    
   1374.38232       244.451965    
   1375.68140       244.163513    
   1376.98035       243.874146    
   1378.27942       243.583862    
   1379.57849       243.292480    
   1380.87744       243.000183    
   1382.17639       242.706909    
   1383.47546       242.412659    
   1384.77454       242.117371    
   1386.07361       241.821106    
   1387.37256       241.523926    
   1388.67163       241.225647    
   1389.97070       240.926575    
   1391.26978       240.626404    
   1392.56873       240.325195    
   1393.86780       240.023071    
   1395.16687       239.720032    
   1396.46594       239.415894    
   1397.76501       239.110840    
   1399.06396       238.804810    
   1400.36304       238.497803    
   1401.66211       238.189758    
   1402.96118       237.880737    
   1404.26013       237.570801    
   1405.55920       237.259888    
   1406.85828       236.947937    
   1408.15735       236.634949    
   1409.45630       236.321106    
   1410.75537       236.006287    
   1412.05444       235.690369    
   1413.35339       235.373535    
   1414.65234       235.055725    
   1415.95142       234.736938    
   1417.25049       234.417175    
   1418.54956       234.096375    
   1419.84851       233.774658    
   1421.14758       233.451904    
   1422.44666       233.128235    
   1423.74573       232.803528    
   1425.04468       232.477844    
   1426.34375       232.151184    
   1427.64282       231.823608    
   1428.94189       231.494995    
   1430.24097       231.165344    
   1431.53992       230.834778    
   1432.83899       230.503296    
   1434.13806       230.170715    
   1435.43713       229.837219    
   1436.73608       229.502747    
   1438.03516       229.167297    
   1439.33423       228.830811    
   1440.63330       228.493347    
   1441.93225       228.154907    
   1443.23132       227.815552    
   1444.53040       227.475159    
   1445.82935       227.133789    
   1447.12830       226.791443    
   1448.42737       226.448181    
   1449.72644       226.103821    
   1451.02551       225.758484    
   1452.32446       225.412292    
   1453.62354       225.065002    
   1454.92261       224.716797    
   1456.22168       224.367554    
   1457.52063       224.017395    
   1458.81970       223.666199    
   1460.11877       223.314087    
   1461.41785       222.960938    
   1462.71680       222.606812    
   1464.01587       222.251709    
   1465.31494       221.895691    
   1466.61401       221.538574    
   1467.91309       221.180542    
   1469.21204       220.821472    
   1470.51111       220.461548    
   1471.81018       220.100525    
   1473.10925       219.738525    
   1474.40820       219.375610    
   1475.70728       219.011719    
   1477.00635       218.646790    
   1478.30530       218.280884    
   1479.60425       217.914001    
   1480.90332       217.546204    
   1482.20239       217.177368    
   1483.50146       216.807556    
   1484.80042       216.436768    
   1486.09949       216.064941    
   1487.39856       215.692261    
   1488.69763       215.318481    
   1489.99658       214.943787    
   1491.29565       214.568054    
   1492.59473       214.191406    
   1493.89380       213.813721    
   1495.19275       213.435059    
   1496.49182       213.055481    
   1497.79089       212.674927    
   1499.08997       212.293274    
   1500.38904       211.910706    
   1501.68799       211.527161    
   1502.98706       211.142700    
   1504.28613       210.757141    
   1505.58521       210.370605    
   1506.88416       209.983215    
   1508.18323       209.594727    
   1509.48230       209.205322    
   1510.78125       208.814819    
   1512.08020       208.423462    
   1513.37927       208.031189    
   1514.67834       207.637756    
   1515.97742       207.243408    
   1517.27637       206.848145    
   1518.57544       206.451782    
   1519.87451       206.054565    
   1521.17358       205.656250    
   1522.47253       205.257019    
   1523.77161       204.856812    
   1525.07068       204.455627    
   1526.36975       204.053406    
   1527.66870       203.650269    
   1528.96777       203.246094    
   1530.26685       202.841003    
   1531.56592       202.434875    
   1532.86499       202.027771    
   1534.16394       201.619690    
   1535.46301       201.210693    
   1536.76208       200.800598    
   1538.06116       200.389587    
   1539.36011       199.977600    
   1540.65918       199.564636    
   1541.95825       199.150696    
   1543.25720       198.735718    
   1544.55615       198.319824    
   1545.85522       197.902954    
   1547.15430       197.485046    
   1548.45337       197.066162    
   1549.75232       196.646301    
   1551.05139       196.225525    
   1552.35046       195.803772    
   1553.64954       195.380920    
   1554.94849       194.957153    
   1556.24756       194.532410    
   1557.54663       194.106689    
   1558.84570       193.679993    
   1560.14465       193.252319    
   1561.44373       192.823608    
   1562.74280       192.393982    
   1564.04187       191.963318    
   1565.34094       191.531677    
   1566.63989       191.099121    
   1567.93896       190.665588    
   1569.23804       190.230957    
   1570.53711       189.795410    
   1571.83606       189.358948    
   1573.13513       188.921448    
   1574.43420       188.482971    
   1575.73315       188.043457    
   1577.03210       187.603027    
   1578.33118       187.161682    
   1579.63025       186.719238    
   1580.92932       186.275818    
   1582.22827       185.831421    
   1583.52734       185.386108    
   1584.82642       184.939758    
   1586.12549       184.492432    
   1587.42444       184.044189    
   1588.72351       183.594849    
   1590.02258       183.144653    
   1591.32166       182.693359    
   1592.62061       182.241211    
   1593.91968       181.788025    
   1595.21875       181.333862    
   1596.51782       180.878662    
   1597.81689       180.422485    
   1599.11584       179.965393    
   1600.41492       179.507324    
   1601.71399       179.048218    
   1603.01306       178.588135    
   1604.31201       178.127136    
   1605.61108       177.665100    
   1606.91016       177.202087    
   1608.20911       176.738037    
   1609.50806       176.273132    
   1610.80713       175.807190    
   1612.10620       175.340271    
   1613.40527       174.872314    
   1614.70422       174.403442    
   1616.00330       173.933533    
   1617.30237       173.462708    
   1618.60144       172.990845    
   1619.90039       172.518066    
   1621.19946       172.044250    
   1622.49854       171.569519    
   1623.79761       171.093689    
   1625.09656       170.617004    
   1626.39563       170.139282    
   1627.69470       169.660583    
   1628.99377       169.180908    
   1630.29285       168.700195    
   1631.59180       168.218567    
   1632.89087       167.735962    
   1634.18994       167.252319    
   1635.48901       166.767761    
   1636.78796       166.282166    
   1638.08704       165.795654    
   1639.38611       165.308044    
   1640.68506       164.819580    
   1641.98401       164.330078    
   1643.28308       163.839661    
   1644.58215       163.348145    
   1645.88123       162.855652    
   1647.18018       162.362305    
   1648.47925       161.867920    
   1649.77832       161.372498    
   1651.07739       160.876160    
   1652.37634       160.378845    
   1653.67542       159.880493    
   1654.97449       159.381226    
   1656.27356       158.880920    
   1657.57251       158.379639    
   1658.87158       157.877441    
   1660.17065       157.374207    
   1661.46973       156.869995    
   1662.76868       156.364807    
   1664.06775       155.858582    
   1665.36682       155.351440    
   1666.66589       154.843323    
   1667.96497       154.334229    
   1669.26392       153.824097    
   1670.56299       153.313049    
   1671.86206       152.800964    
   1673.16101       152.287903    
   1674.45996       151.773926    
   1675.75903       151.258972    
   1677.05811       150.742981    
   1678.35718       150.225952    
   1679.65613       149.708069    
   1680.95520       149.189087    
   1682.25427       148.669189    
   1683.55334       148.148315    
   1684.85229       147.626465    
   1686.15137       147.103577    
   1687.45044       146.579834    
   1688.74951       146.054932    
   1690.04846       145.529236    
   1691.34753       145.002380    
   1692.64661       144.474670    
   1693.94568       143.945923    
   1695.24463       143.416260    
   1696.54370       142.885498    
   1697.84277       142.353821    
   1699.14185       141.821167    
   1700.44092       141.287537    
   1701.73987       140.752930    
   1703.03894       140.217346    
   1704.33801       139.680786    
   1705.63696       139.143127    
   1706.93591       138.604675    
   1708.23499       138.065186    
   1709.53406       137.524597    
   1710.83313       136.983093    
   1712.13208       136.440735    
   1713.43115       135.897156    
   1714.73022       135.352783    
   1716.02930       134.807373    
   1717.32825       134.260986    
   1718.62732       133.713562    
   1719.92639       133.165283    
   1721.22546       132.615967    
   1722.52441       132.065613    
   1723.82349       131.514343    
   1725.12256       130.961975    
   1726.42163       130.408752    
   1727.72058       129.854614    
   1729.01965       129.299255    
   1730.31873       128.743103    
   1731.61780       128.185913    
   1732.91687       127.627747    
   1734.21582       127.068604    
   1735.51489       126.508545    
   1736.81396       125.947449    
   1738.11292       125.385254    
   1739.41187       124.822266    
   1740.71094       124.258240    
   1742.01001       123.693115    
   1743.30908       123.127075    
   1744.60803       122.560120    
   1745.90710       121.992126    
   1747.20618       121.423218    
   1748.50525       120.853271    
   1749.80420       120.282349    
   1751.10327       119.710449    
   1752.40234       119.137634    
   1753.70142       118.563660    
   1755.00037       117.988892    
   1756.29944       117.413086    
   1757.59851       116.836243    
   1758.89758       116.258423    
   1760.19653       115.679810    
   1761.49561       115.099915    
   1762.79468       114.519287    
   1764.09375       113.937561    
   1765.39282       113.354858    
   1766.69177       112.771179    
   1767.99084       112.186584    
   1769.28992       111.600952    
   1770.58887       111.014221    
   1771.88782       110.426697    
   1773.18689       109.838074    
   1774.48596       109.248535    
   1775.78503       108.658020    
   1777.08398       108.066528    
   1778.38306       107.473999    
   1779.68213       106.880554    
   1780.98120       106.286072    
   1782.28015       105.690674    
   1783.57922       105.094238    
   1784.87830       104.496826    
   1786.17737       103.898376    
   1787.47632       103.299133    
   1788.77539       102.698792    
   1790.07446       102.097351    
   1791.37354       101.495056    
   1792.67249       100.891907    
   1793.97156       100.287537    
   1795.27063       99.6822510    
   1796.56970       99.0760498    
   1797.86877       98.4688110    
   1799.16772       97.8606567    
   1800.46680       97.2515259    
   1801.76587       96.6413574    
   1803.06482       96.0300903    
   1804.36377       95.4181519    
   1805.66284       94.8049316    
   1806.96191       94.1908569    
   1808.26099       93.5757446    
   1809.55994       92.9597778    
   1810.85901       92.3427734    
   1812.15808       91.7247314    
   1813.45715       91.1057129    
   1814.75610       90.4858398    
   1816.05518       89.8648682    
   1817.35425       89.2429199    
   1818.65332       88.6199341    
   1819.95227       87.9962158    
   1821.25134       87.3713379    
   1822.55042       86.7453613    
   1823.84949       86.1185303    
   1825.14844       85.4907227    
   1826.44751       84.8619385    
   1827.74658       84.2321777    
   1829.04565       83.6013794    
   1830.34473       82.9696655    
   1831.64368       82.3369751    
   1832.94275       81.7033081    
   1834.24182       81.0684814    
   1835.54077       80.4328003    
   1836.83972       79.7963257    
   1838.13879       79.1586304    
   1839.43787       78.5200195    
   1840.73694       77.8803711    
   1842.03589       77.2398682    
   1843.33496       76.5983276    
   1844.63403       75.9558105    
   1845.93311       75.3122559    
   1847.23206       74.6678467    
   1848.53113       74.0223999    
   1849.83020       73.3759155    
   1851.12927       72.7283325    
   1852.42822       72.0801392    
   1853.72729       71.4306030    
   1855.02637       70.7802124    
   1856.32544       70.1288452    
   1857.62439       69.4765625    
   1858.92346       68.8232422    
   1860.22253       68.1689453    
   1861.52161       67.5136719    
   1862.82068       66.8572388    
   1864.11963       66.2001953    
   1865.41870       65.5419312    
   1866.71777       64.8826294    
   1868.01672       64.2224121    
   1869.31567       63.5614624    
   1870.61475       62.8991699    
   1871.91382       62.2360229    
   1873.21289       61.5718994    
   1874.51184       60.9068604    
   1875.81091       60.2407837    
   1877.10999       59.5737305    
   1878.40906       58.9056396    
   1879.70801       58.2366943    
   1881.00708       57.5667725    
   1882.30615       56.8957520    
   1883.60522       56.2236328    
   1884.90417       55.5509033    
   1886.20325       54.8768311    
   1887.50232       54.2019043    
   1888.80139       53.5261230    
   1890.10034       52.8492432    
   1891.39941       52.1713867    
   1892.69849       51.4925537    
   1893.99756       50.8127441    
   1895.29651       50.1320801    
   1896.59558       49.4501953    
   1897.89465       48.7674561    
   1899.19373       48.0836182    
   1900.49268       47.3989258    
   1901.79163       46.7133789    
   1903.09070       46.0266113    
   1904.38977       45.3389893    
   1905.68884       44.6502686    
   1906.98779       43.9606934    
   1908.28687       43.2701416    
   1909.58594       42.5786133    
   1910.88501       41.8859863    
   1912.18396       41.1925049    
   1913.48303       40.4979248    
   1914.78210       39.8023682    
   1916.08118       39.1058350    
   1917.38013       38.4085693    
   1918.67920       37.7099609    
   1919.97827       37.0106201    
   1921.27734       36.3101807    
   1922.57629       35.6088867    
   1923.87537       34.9064941    
   1925.17444       34.2031250    
   1926.47351       33.4987793    
   1927.77246       32.7934570    
   1929.07153       32.0871582    
   1930.37061       31.3798828    
   1931.66968       30.6715088    
   1932.96863       29.9622803    
   1934.26758       29.2521973    
   1935.56665       28.5408936    
   1936.86572       27.8287354    
   1938.16479       27.1156006    
   1939.46375       26.4014893    
   1940.76282       25.6864014    
   1942.06189       24.9702148    
   1943.36096       24.2530518    
   1944.65991       23.5351562    
   1945.95898       22.8160400    
   1947.25806       22.0959473    
   1948.55713       21.3748779    
   1949.85608       20.6530762    
   1951.15515       19.9300537    
   1952.45422       19.2060547    
   1953.75330       18.4810791    
   1955.05225       17.7552490    
   1956.35132       17.0283203    
   1957.65039       16.3005371    
   1958.94946       15.5716553    
   1960.24841       14.8417969    
   1961.54749       14.1109619    
   1962.84656       13.3791504    
   1964.14563       12.6463623    
   1965.44458       11.9124756    
   1966.74353       11.1778564    
   1968.04260       10.4421387    
   1969.34167       9.70544434    
   1970.64075       8.96777344    
   1971.93970       8.22912598    
   1973.23877       7.48950195    
   1974.53784       6.74877930    
   1975.83691       6.00708008    
   1977.13586       5.26464844    
   1978.43494       4.52111816    
   1979.73401       3.77636719    
   1981.03308       3.03088379    
   1982.33203       2.28454590    
   1983.63110       1.53686523    
   1984.93018      0.788452148    
   1986.22925       3.89404297E-02
   1987.52820     -0.711425781    
