   0.00000000       0.00000000    
  0.749999881       1.29854763    
   1.49999976       2.59611440    
   2.24999976       3.89269996    
   2.99999952       5.18830490    
   3.74999928       6.48292828    
   4.49999952       7.77657080    
   5.24999952       9.06923294    
   5.99999905       10.3609133    
   6.74999905       11.6516132    
   7.49999857       12.9413309    
   8.24999905       14.2300692    
   8.99999905       15.5178261    
   9.74999905       16.8046017    
   10.4999990       18.0903969    
   11.2499981       19.3752098    
   11.9999981       20.6590424    
   12.7499990       21.9418964    
   13.4999981       23.2237644    
   14.2499981       24.5046558    
   14.9999971       25.7845631    
   15.7499981       27.0634918    
   16.4999981       28.3414383    
   17.2499981       29.6184044    
   17.9999981       30.8943882    
   18.7499981       32.1693916    
   19.4999981       33.4434166    
   20.2499962       34.7164574    
   20.9999981       35.9885178    
   21.7499981       37.2595978    
   22.4999962       38.5296974    
   23.2499981       39.7988167    
   23.9999962       41.0669479    
   24.7499962       42.3341064    
   25.4999981       43.6002846    
   26.2499962       44.8654785    
   26.9999962       46.1296844    
   27.7499981       47.3929214    
   28.4999962       48.6551704    
   29.2499962       49.9164391    
   29.9999943       51.1767235    
   30.7499962       52.4360352    
   31.4999962       53.6943626    
   32.2499962       54.9517097    
   32.9999962       56.2080727    
   33.7499962       57.4634552    
   34.4999962       58.7178574    
   35.2499962       59.9712830    
   35.9999962       61.2237206    
   36.7499962       62.4751816    
   37.4999962       63.7256622    
   38.2499962       64.9751587    
   38.9999962       66.2236786    
   39.7499924       67.4712067    
   40.4999924       68.7177658    
   41.2499962       69.9633408    
   41.9999962       71.2079315    
   42.7499962       72.4515457    
   43.4999962       73.6941757    
   44.2499924       74.9358215    
   44.9999924       76.1764908    
   45.7499962       77.4161835    
   46.4999962       78.6548920    
   47.2499962       79.8926163    
   47.9999924       81.1293564    
   48.7499924       82.3651199    
   49.4999924       83.5998993    
   50.2499924       84.8337021    
   50.9999962       86.0665283    
   51.7499962       87.2983627    
   52.4999924       88.5292282    
   53.2499924       89.7591019    
   53.9999924       90.9879913    
   54.7499924       92.2159119    
   55.4999962       93.4428482    
   56.2499924       94.6688080    
   56.9999924       95.8937759    
   57.7499924       97.1177673    
   58.4999924       98.3407822    
   59.2499924       99.5628052    
   59.9999886       100.783852    
   60.7499924       102.003929    
   61.4999924       103.223015    
   62.2499924       104.441124    
   62.9999924       105.658241    
   63.7499924       106.874382    
   64.4999924       108.089546    
   65.2499924       109.303734    
   65.9999924       110.516930    
   66.7499924       111.729149    
   67.4999924       112.940384    
   68.2499924       114.150650    
   68.9999924       115.359924    
   69.7499924       116.568222    
   70.4999924       117.775536    
   71.2499924       118.981865    
   71.9999924       120.187218    
   72.7499924       121.391594    
   73.4999924       122.594978    
   74.2499924       123.797394    
   74.9999924       124.998825    
   75.7499924       126.199272    
   76.4999924       127.398727    
   77.2499924       128.597214    
   77.9999924       129.794724    
   78.7499847       130.991241    
   79.4999847       132.186783    
   80.2499847       133.381348    
   80.9999847       134.574936    
   81.7499924       135.767532    
   82.4999924       136.959167    
   83.2499924       138.149796    
   83.9999924       139.339447    
   84.7499924       140.528122    
   85.4999924       141.715820    
   86.2499924       142.902527    
   86.9999924       144.088257    
   87.7499847       145.273026    
   88.4999847       146.456772    
   89.2499847       147.639572    
   89.9999847       148.821381    
   90.7499847       150.002197    
   91.4999924       151.182068    
   92.2499924       152.360931    
   92.9999924       153.538818    
   93.7499924       154.715714    
   94.4999924       155.891632    
   95.2499924       157.066589    
   95.9999847       158.240540    
   96.7499847       159.413513    
   97.4999847       160.585526    
   98.2499847       161.756531    
   98.9999847       162.926559    
   99.7499847       164.095627    
   100.499985       165.263687    
   101.249992       166.430801    
   101.999992       167.596924    
   102.749992       168.762054    
   103.499992       169.926193    
   104.249985       171.089371    
   104.999985       172.251556    
   105.749985       173.412750    
   106.499985       174.572983    
   107.249985       175.732239    
   107.999985       176.890488    
   108.749985       178.047775    
   109.499985       179.204086    
   110.249985       180.359390    
   110.999992       181.513748    
   111.749992       182.667114    
   112.499985       183.819489    
   113.249985       184.970886    
   113.999985       186.121307    
   114.749985       187.270737    
   115.499985       188.419189    
   116.249985       189.566666    
   116.999985       190.713150    
   117.749985       191.858658    
   118.499985       193.003189    
   119.249985       194.146744    
   119.999977       195.289307    
   120.749992       196.430908    
   121.499985       197.571518    
   122.249985       198.711136    
   122.999985       199.849777    
   123.749985       200.987442    
   124.499985       202.124130    
   125.249985       203.259827    
   125.999985       204.394547    
   126.749985       205.528290    
   127.499985       206.661041    
   128.249985       207.792816    
   128.999985       208.923615    
   129.749985       210.053436    
   130.499985       211.182281    
   131.249985       212.310135    
   131.999985       213.436996    
   132.749985       214.562897    
   133.499985       215.687805    
   134.249985       216.811737    
   134.999985       217.934677    
   135.749985       219.056641    
   136.499985       220.177643    
   137.249985       221.297638    
   137.999985       222.416656    
   138.749985       223.534698    
   139.499985       224.651764    
   140.249985       225.767853    
   140.999985       226.882965    
   141.749985       227.997070    
   142.499985       229.110214    
   143.249985       230.222366    
   143.999985       231.333542    
   144.749985       232.443741    
   145.499985       233.552948    
   146.249985       234.661194    
   146.999985       235.768433    
   147.749985       236.874710    
   148.499985       237.980011    
   149.249985       239.084320    
   149.999985       240.187653    
   150.749985       241.289993    
   151.499985       242.391373    
   152.249985       243.491760    
   152.999985       244.591141    
   153.749985       245.689560    
   154.499985       246.787003    
   155.249985       247.883484    
   155.999985       248.978958    
   156.749985       250.073456    
   157.499969       251.166962    
   158.249969       252.259491    
   158.999969       253.351059    
   159.749969       254.441635    
   160.499969       255.531235    
   161.249969       256.619843    
   161.999969       257.707489    
   162.749969       258.794128    
   163.499985       259.879822    
   164.249985       260.964508    
   164.999985       262.048218    
   165.749985       263.130951    
   166.499985       264.212708    
   167.249985       265.293427    
   167.999985       266.373230    
   168.749985       267.452026    
   169.499985       268.529877    
   170.249985       269.606720    
   170.999985       270.682587    
   171.749985       271.757446    
   172.499985       272.831329    
   173.249985       273.904236    
   173.999985       274.976196    
   174.749969       276.047150    
   175.499969       277.117126    
   176.249969       278.186127    
   176.999969       279.254120    
   177.749969       280.321136    
   178.499969       281.387207    
   179.249969       282.452271    
   179.999969       283.516357    
   180.749969       284.579468    
   181.499969       285.641571    
   182.249969       286.702728    
   182.999985       287.762909    
   183.749985       288.822113    
   184.499985       289.880310    
   185.249985       290.937531    
   185.999985       291.993774    
   186.749985       293.049011    
   187.499985       294.103302    
   188.249985       295.156616    
   188.999985       296.208923    
   189.749985       297.260254    
   190.499985       298.310608    
   191.249969       299.359955    
   191.999969       300.408356    
   192.749969       301.455780    
   193.499969       302.502197    
   194.249969       303.547668    
   194.999969       304.592133    
   195.749969       305.635620    
   196.499969       306.678101    
   197.249969       307.719635    
   197.999969       308.760193    
   198.749969       309.799744    
   199.499969       310.838348    
   200.249969       311.875946    
   200.999969       312.912537    
   201.749985       313.948212    
   202.499985       314.982880    
   203.249985       316.016541    
   203.999985       317.049255    
   204.749985       318.080963    
   205.499985       319.111725    
   206.249985       320.141449    
   206.999985       321.170227    
   207.749985       322.197998    
   208.499969       323.224823    
   209.249969       324.250671    
   209.999969       325.275513    
   210.749969       326.299347    
   211.499969       327.322235    
   212.249969       328.344147    
   212.999969       329.365082    
   213.749969       330.385040    
   214.499969       331.403992    
   215.249969       332.421997    
   215.999969       333.438965    
   216.749969       334.454987    
   217.499969       335.470032    
   218.249969       336.484070    
   218.999969       337.497162    
   219.749969       338.509277    
   220.499969       339.520355    
   221.249985       340.530518    
   221.999985       341.539673    
   222.749985       342.547852    
   223.499985       343.555054    
   224.249985       344.561249    
   224.999969       345.566498    
   225.749969       346.570709    
   226.499969       347.573975    
   227.249969       348.576263    
   227.999969       349.577576    
   228.749969       350.577911    
   229.499969       351.577240    
   230.249969       352.575592    
   230.999969       353.572968    
   231.749969       354.569366    
   232.499969       355.564789    
   233.249969       356.559235    
   233.999969       357.552704    
   234.749969       358.545135    
   235.499969       359.536652    
   236.249969       360.527161    
   236.999969       361.516693    
   237.749969       362.505249    
   238.499969       363.492828    
   239.249969       364.479431    
   239.999954       365.464996    
   240.749985       366.449646    
   241.499985       367.433319    
   242.249969       368.415985    
   242.999969       369.397675    
   243.749969       370.378357    
   244.499969       371.358063    
   245.249969       372.336823    
   245.999969       373.314575    
   246.749969       374.291351    
   247.499969       375.267151    
   248.249969       376.242004    
   248.999969       377.215820    
   249.749969       378.188660    
   250.499969       379.160522    
   251.249969       380.131439    
   251.999969       381.101349    
   252.749969       382.070282    
   253.499969       383.038239    
   254.249969       384.005188    
   254.999969       384.971191    
   255.749969       385.936188    
   256.499969       386.900208    
   257.249969       387.863281    
   257.999969       388.825348    
   258.749969       389.786438    
   259.499969       390.746521    
   260.249969       391.705658    
   260.999969       392.663788    
   261.749969       393.620972    
   262.499969       394.577148    
   263.249969       395.532349    
   263.999969       396.486542    
   264.749969       397.439758    
   265.499969       398.392029    
   266.249969       399.343323    
   266.999969       400.293610    
   267.749969       401.242920    
   268.499969       402.191254    
   269.249969       403.138580    
   269.999969       404.084961    
   270.749969       405.030334    
   271.499969       405.974762    
   272.249969       406.918182    
   272.999969       407.860626    
   273.749969       408.802063    
   274.499969       409.742554    
   275.249969       410.682068    
   275.999969       411.620575    
   276.749969       412.558136    
   277.499969       413.494690    
   278.249969       414.430237    
   278.999969       415.364868    
   279.749969       416.298492    
   280.499969       417.231110    
   281.249969       418.162781    
   281.999969       419.093445    
   282.749969       420.023163    
   283.499969       420.951843    
   284.249969       421.879578    
   284.999969       422.806335    
   285.749969       423.732086    
   286.499969       424.656891    
   287.249969       425.580688    
   287.999969       426.503479    
   288.749969       427.425354    
   289.499969       428.346191    
   290.249969       429.266083    
   290.999969       430.184998    
   291.749969       431.102905    
   292.499969       432.019867    
   293.249969       432.935791    
   293.999969       433.850769    
   294.749969       434.764771    
   295.499969       435.677795    
   296.249969       436.589783    
   296.999969       437.500885    
   297.749969       438.410980    
   298.499969       439.320038    
   299.249969       440.228180    
   299.999969       441.135284    
   300.749939       442.041412    
   301.499969       442.946594    
   302.249939       443.850769    
   302.999969       444.754028    
   303.749939       445.656219    
   304.499969       446.557495    
   305.249939       447.457672    
   305.999969       448.356995    
   306.749939       449.255249    
   307.499969       450.152588    
   308.249969       451.048950    
   308.999969       451.944305    
   309.749969       452.838684    
   310.499969       453.732086    
   311.249969       454.624512    
   311.999969       455.515930    
   312.749969       456.406403    
   313.499969       457.295868    
   314.249969       458.184387    
   314.999939       459.071808    
   315.749969       459.958374    
   316.499939       460.843903    
   317.249969       461.728485    
   317.999939       462.612061    
   318.749969       463.494690    
   319.499939       464.376282    
   320.249969       465.256958    
   320.999939       466.136597    
   321.749969       467.015320    
   322.499939       467.892975    
   323.249969       468.769714    
   323.999939       469.645447    
   324.749969       470.520172    
   325.499939       471.393921    
   326.249969       472.266754    
   326.999969       473.138580    
   327.749969       474.009399    
   328.499969       474.879272    
   329.249969       475.748108    
   329.999969       476.616028    
   330.749969       477.482910    
   331.499969       478.348877    
   332.249939       479.213806    
   332.999969       480.077789    
   333.749939       480.940765    
   334.499969       481.802734    
   335.249939       482.663727    
   335.999969       483.523804    
   336.749939       484.382843    
   337.499969       485.240967    
   338.249939       486.098022    
   338.999969       486.954163    
   339.749939       487.809296    
   340.499969       488.663452    
   341.249939       489.516632    
   341.999969       490.368835    
   342.749939       491.220032    
   343.499969       492.070282    
   344.249939       492.919464    
   344.999969       493.767761    
   345.749969       494.615051    
   346.499969       495.461365    
   347.249969       496.306702    
   347.999969       497.151031    
   348.749969       497.994415    
   349.499939       498.836792    
   350.249969       499.678223    
   350.999939       500.518616    
   351.749969       501.358093    
   352.499939       502.196533    
   353.249969       503.033966    
   353.999939       503.870453    
   354.749969       504.705994    
   355.499939       505.540497    
   356.249969       506.374084    
   356.999939       507.206635    
   357.749969       508.038269    
   358.499939       508.868835    
   359.249969       509.698486    
   359.999939       510.527161    
   360.749969       511.354828    
   361.499939       512.181519    
   362.249969       513.007202    
   362.999939       513.831909    
   363.749969       514.655640    
   364.499939       515.478394    
   365.249969       516.300171    
   365.999969       517.121033    
   366.749939       517.940796    
   367.499969       518.759705    
   368.249939       519.577515    
   368.999969       520.394409    
   369.749939       521.210327    
   370.499969       522.025269    
   371.249939       522.839172    
   371.999969       523.652161    
   372.749939       524.464050    
   373.499969       525.275024    
   374.249939       526.085022    
   374.999969       526.894104    
   375.749939       527.702148    
   376.499969       528.509216    
   377.249939       529.315308    
   377.999969       530.120422    
   378.749939       530.924500    
   379.499969       531.727661    
   380.249939       532.529846    
   380.999969       533.331055    
   381.749939       534.131226    
   382.499939       534.930420    
   383.249939       535.728638    
   383.999939       536.525879    
   384.749969       537.322205    
   385.499939       538.117493    
   386.249969       538.911804    
   386.999939       539.705139    
   387.749969       540.497498    
   388.499939       541.288879    
   389.249969       542.079285    
   389.999939       542.868652    
   390.749969       543.657104    
   391.499939       544.444580    
   392.249969       545.230957    
   392.999939       546.016479    
   393.749969       546.801025    
   394.499939       547.584473    
   395.249969       548.367065    
   395.999939       549.148621    
   396.749969       549.929199    
   397.499939       550.708801    
   398.249969       551.487427    
   398.999939       552.265076    
   399.749939       553.041748    
   400.499939       553.817383    
   401.249939       554.592102    
   401.999939       555.365723    
   402.749939       556.138489    
   403.499969       556.910278    
   404.249939       557.681030    
   404.999969       558.450806    
   405.749939       559.219604    
   406.499969       559.987488    
   407.249939       560.754333    
   407.999969       561.520203    
   408.749939       562.285034    
   409.499969       563.049011    
   410.249939       563.811890    
   410.999969       564.573853    
   411.749939       565.334717    
   412.499969       566.094727    
   413.249939       566.853760    
   413.999969       567.611755    
   414.749939       568.368774    
   415.499969       569.124878    
   416.249939       569.879944    
   416.999939       570.634033    
   417.749939       571.387146    
   418.499939       572.139282    
   419.249939       572.890442    
   419.999939       573.640625    
   420.749939       574.389771    
   421.499939       575.137939    
   422.249939       575.885193    
   422.999939       576.631470    
   423.749969       577.376709    
   424.499939       578.120972    
   425.249969       578.864319    
   425.999939       579.606628    
   426.749969       580.348022    
   427.499939       581.088318    
   428.249969       581.827759    
   428.999939       582.566101    
   429.749969       583.303589    
   430.499939       584.039978    
   431.249969       584.775391    
   431.999939       585.509888    
   432.749969       586.243347    
   433.499939       586.975830    
   434.249939       587.707397    
   434.999939       588.437988    
   435.749939       589.167542    
   436.499939       589.896118    
   437.249939       590.623718    
   437.999939       591.350342    
   438.749939       592.076050    
   439.499939       592.800659    
   440.249939       593.524353    
   440.999939       594.247009    
   441.749939       594.968750    
   442.499969       595.689514    
   443.249939       596.409241    
   443.999969       597.128052    
   444.749939       597.845825    
   445.499969       598.562622    
   446.249939       599.278442    
   446.999969       599.993347    
   447.749939       600.707214    
   448.499969       601.420105    
   449.249939       602.132019    
   449.999939       602.842957    
   450.749939       603.552856    
   451.499939       604.261841    
   452.249939       604.969788    
   452.999939       605.676819    
   453.749939       606.382812    
   454.499939       607.087891    
   455.249939       607.791931    
   455.999939       608.495056    
   456.749939       609.197144    
   457.499939       609.898254    
   458.249939       610.598389    
   458.999939       611.297607    
   459.749939       611.995667    
   460.499939       612.692871    
   461.249969       613.389160    
   461.999939       614.084351    
   462.749969       614.778625    
   463.499939       615.471863    
   464.249969       616.164185    
   464.999939       616.855469    
   465.749969       617.545837    
   466.499939       618.235168    
   467.249939       618.923584    
   467.999939       619.610962    
   468.749939       620.297363    
   469.499939       620.982727    
   470.249939       621.667175    
   470.999939       622.350586    
   471.749939       623.033081    
   472.499939       623.714600    
   473.249939       624.395142    
   473.999939       625.074646    
   474.749939       625.753235    
   475.499939       626.430786    
   476.249939       627.107422    
   476.999939       627.783020    
   477.749939       628.457642    
   478.499939       629.131287    
   479.249939       629.803955    
   479.999908       630.475586    
   480.749939       631.146362    
   481.499969       631.816101    
   482.249939       632.484802    
   482.999969       633.152588    
   483.749939       633.819397    
   484.499939       634.485229    
   485.249939       635.150024    
   485.999939       635.813843    
   486.749939       636.476685    
   487.499939       637.138611    
   488.249939       637.799500    
   488.999939       638.459351    
   489.749939       639.118286    
   490.499939       639.776245    
   491.249939       640.433228    
   491.999939       641.089233    
   492.749939       641.744263    
   493.499939       642.398315    
   494.249939       643.051392    
   494.999939       643.703430    
   495.749939       644.354492    
   496.499939       645.004639    
   497.249908       645.653748    
   497.999939       646.301880    
   498.749908       646.949036    
   499.499939       647.595215    
   500.249969       648.240417    
   500.999939       648.884644    
   501.749939       649.527893    
   502.499939       650.170166    
   503.249939       650.811401    
   503.999939       651.451721    
   504.749939       652.091064    
   505.499939       652.729370    
   506.249939       653.366760    
   506.999939       654.003113    
   507.749939       654.638550    
   508.499939       655.272827    
   509.249939       655.906311    
   509.999939       656.538757    
   510.749939       657.170288    
   511.499939       657.800720    
   512.249939       658.430237    
   512.999939       659.058716    
   513.749939       659.686340    
   514.499939       660.312866    
   515.249939       660.938477    
   515.999939       661.563049    
   516.749939       662.186707    
   517.499939       662.809326    
   518.249939       663.430908    
   518.999939       664.051636    
   519.749939       664.671326    
   520.499939       665.290039    
   521.249939       665.907776    
   521.999939       666.524536    
   522.749939       667.140320    
   523.499939       667.755127    
   524.249939       668.368896    
   524.999939       668.981750    
   525.749939       669.593628    
   526.499939       670.204468    
   527.249939       670.814331    
   527.999939       671.423218    
   528.749939       672.031128    
   529.499939       672.638062    
   530.249939       673.244080    
   530.999939       673.849060    
   531.749939       674.453003    
   532.499939       675.056091    
   533.249939       675.658081    
   533.999939       676.259216    
   534.749939       676.859253    
   535.499939       677.458374    
   536.249939       678.056458    
   536.999939       678.653625    
   537.749939       679.249695    
   538.499939       679.844910    
   539.249939       680.439087    
   539.999939       681.032288    
   540.749939       681.624512    
   541.499939       682.215759    
   542.249939       682.806030    
   542.999939       683.395386    
   543.749939       683.983643    
   544.499939       684.570923    
   545.249939       685.157349    
   545.999939       685.742676    
   546.749939       686.327087    
   547.499939       686.910400    
   548.249939       687.492798    
   548.999939       688.074280    
   549.749939       688.654785    
   550.499939       689.234192    
   551.249939       689.812744    
   551.999939       690.390259    
   552.749939       690.966797    
   553.499939       691.542358    
   554.249939       692.116943    
   554.999939       692.690491    
   555.749939       693.263123    
   556.499939       693.834656    
   557.249939       694.405334    
   557.999939       694.974976    
   558.749939       695.543701    
   559.499939       696.111450    
   560.249939       696.678101    
   560.999939       697.243896    
   561.749939       697.808594    
   562.499939       698.372437    
   563.249939       698.935181    
   563.999939       699.497070    
   564.749939       700.057861    
   565.499939       700.617798    
   566.249939       701.176514    
   566.999939       701.734497    
   567.749939       702.291382    
   568.499939       702.847290    
   569.249939       703.402222    
   569.999939       703.956238    
   570.749939       704.509216    
   571.499939       705.061218    
   572.249939       705.612305    
   572.999939       706.162354    
   573.749939       706.711365    
   574.499939       707.259521    
   575.249939       707.806580    
   575.999939       708.352661    
   576.749939       708.897827    
   577.499939       709.441956    
   578.249939       709.985168    
   578.999939       710.527344    
   579.749939       711.068542    
   580.499939       711.608765    
   581.249939       712.148071    
   581.999939       712.686279    
   582.749939       713.223633    
   583.499939       713.759949    
   584.249939       714.295288    
   584.999939       714.829651    
   585.749939       715.362915    
   586.499939       715.895325    
   587.249939       716.426758    
   587.999939       716.957153    
   588.749939       717.486633    
   589.499939       718.015076    
   590.249939       718.542603    
   590.999939       719.069092    
   591.749939       719.594604    
   592.499939       720.119080    
   593.249939       720.642700    
   593.999939       721.165283    
   594.749939       721.686890    
   595.499939       722.207520    
   596.249939       722.727051    
   596.999939       723.245728    
   597.749939       723.763489    
   598.499939       724.280151    
   599.249939       724.795776    
   599.999939       725.310547    
   600.749939       725.824341    
   601.499878       726.337036    
   602.249939       726.848877    
   602.999939       727.359680    
   603.749939       727.869507    
   604.499878       728.378357    
   605.249939       728.886230    
   605.999939       729.393127    
   606.749939       729.899048    
   607.499878       730.403931    
   608.249939       730.907898    
   608.999939       731.410889    
   609.749939       731.912720    
   610.499878       732.413696    
   611.249939       732.913696    
   611.999939       733.412781    
   612.749939       733.910828    
   613.499878       734.407837    
   614.249878       734.903931    
   614.999939       735.399109    
   615.749939       735.893250    
   616.499939       736.386414    
   617.249878       736.878540    
   617.999939       737.369751    
   618.749939       737.859985    
   619.499939       738.349182    
   620.249878       738.837402    
   620.999939       739.324707    
   621.749939       739.810974    
   622.499939       740.296265    
   623.249878       740.780640    
   623.999939       741.263916    
   624.749939       741.746338    
   625.499939       742.227661    
   626.249878       742.708069    
   626.999939       743.187500    
   627.749939       743.665955    
   628.499939       744.143433    
   629.249878       744.619751    
   629.999878       745.095215    
   630.749939       745.569702    
   631.499939       746.043335    
   632.249878       746.515808    
   632.999878       746.987427    
   633.749939       747.458008    
   634.499939       747.927612    
   635.249939       748.396240    
   635.999878       748.863892    
   636.749939       749.330566    
   637.499939       749.796265    
   638.249939       750.260925    
   638.999878       750.724609    
   639.749939       751.187378    
   640.499939       751.649170    
   641.249939       752.109985    
   641.999878       752.569702    
   642.749939       753.028564    
   643.499939       753.486389    
   644.249939       753.943237    
   644.999878       754.399048    
   645.749939       754.854004    
   646.499939       755.307922    
   647.249939       755.760864    
   647.999878       756.212769    
   648.749878       756.663635    
   649.499939       757.113647    
   650.249939       757.562622    
   650.999878       758.010620    
   651.749878       758.457642    
   652.499939       758.903809    
   653.249939       759.348877    
   653.999939       759.792969    
   654.749878       760.236084    
   655.499939       760.678223    
   656.249939       761.119385    
   656.999939       761.559570    
   657.749878       761.998718    
   658.499939       762.436951    
   659.249939       762.874146    
   659.999939       763.310425    
   660.749878       763.745728    
   661.499939       764.179993    
   662.249939       764.613342    
   662.999939       765.045654    
   663.749878       765.476990    
   664.499878       765.907349    
   665.249939       766.336792    
   665.999939       766.765137    
   666.749878       767.192505    
   667.499878       767.619019    
   668.249939       768.044312    
   668.999939       768.468872    
   669.749878       768.892334    
   670.499878       769.314819    
   671.249939       769.736450    
   671.999939       770.156982    
   672.749939       770.576538    
   673.499878       770.995117    
   674.249939       771.412720    
   674.999939       771.829407    
   675.749939       772.244995    
   676.499878       772.659668    
   677.249939       773.073364    
   677.999939       773.486084    
   678.749939       773.897827    
   679.499878       774.308594    
   680.249878       774.718384    
   680.999939       775.127075    
   681.749939       775.534912    
   682.499878       775.941772    
   683.249878       776.347595    
   683.999939       776.752441    
   684.749939       777.156372    
   685.499878       777.559204    
   686.249878       777.961182    
   686.999939       778.362061    
   687.749939       778.761963    
   688.499878       779.160889    
   689.249878       779.558899    
   689.999939       779.955933    
   690.749939       780.351929    
   691.499939       780.747009    
   692.249878       781.141052    
   692.999939       781.534180    
   693.749939       781.926270    
   694.499939       782.317383    
   695.249878       782.707520    
   695.999939       783.096680    
   696.749939       783.484863    
   697.499939       783.872070    
   698.249878       784.258301    
   698.999878       784.643555    
   699.749939       785.027832    
   700.499939       785.411133    
   701.249878       785.793396    
   701.999878       786.174683    
   702.749939       786.555054    
   703.499939       786.934448    
   704.249878       787.312744    
   704.999878       787.690186    
   705.749939       788.066589    
   706.499939       788.441895    
   707.249878       788.816284    
   707.999878       789.189819    
   708.749939       789.562317    
   709.499939       789.933838    
   710.249878       790.304321    
   710.999878       790.673828    
   711.749939       791.042480    
   712.499939       791.410034    
   713.249939       791.776611    
   713.999878       792.142212    
   714.749878       792.506836    
   715.499939       792.870605    
   716.249939       793.233215    
   716.999878       793.594910    
   717.749878       793.955688    
   718.499939       794.315369    
   719.249939       794.674194    
   719.999878       795.031921    
   720.749878       795.388672    
   721.499939       795.744507    
   722.249939       796.099365    
   722.999878       796.453186    
   723.749878       796.806030    
   724.499939       797.157959    
   725.249939       797.508911    
   725.999878       797.858643    
   726.749878       798.207642    
   727.499939       798.555542    
   728.249939       798.902588    
   728.999878       799.248535    
   729.749878       799.593506    
   730.499939       799.937622    
   731.249939       800.280640    
   731.999939       800.622803    
   732.749878       800.963867    
   733.499878       801.303955    
   734.249939       801.643066    
   734.999939       801.981201    
   735.749878       802.318359    
   736.499878       802.654663    
   737.249939       802.989807    
   737.999939       803.324097    
   738.749878       803.657227    
   739.499878       803.989563    
   740.249939       804.320862    
   740.999939       804.651123    
   741.749878       804.980469    
   742.499878       805.308838    
   743.249939       805.636230    
   743.999939       805.962524    
   744.749878       806.287964    
   745.499878       806.612305    
   746.249939       806.935669    
   746.999939       807.258179    
   747.749878       807.579651    
   748.499878       807.900146    
   749.249878       808.219666    
   749.999939       808.538208    
   750.749939       808.855713    
   751.499878       809.172302    
   752.249878       809.487915    
   752.999939       809.802490    
   753.749939       810.116150    
   754.499878       810.428772    
   755.249878       810.740417    
   755.999939       811.051147    
   756.749939       811.360840    
   757.499878       811.669556    
   758.249878       811.977295    
   758.999939       812.284058    
   759.749939       812.589844    
   760.499878       812.894653    
   761.249878       813.198486    
   761.999939       813.501343    
   762.749939       813.803162    
   763.499878       814.104004    
   764.249878       814.403931    
   764.999878       814.702698    
   765.749939       815.000671    
   766.499878       815.297607    
   767.249878       815.593567    
   767.999878       815.888550    
   768.749939       816.182556    
   769.499939       816.475647    
   770.249878       816.767639    
   770.999878       817.058716    
   771.749939       817.348816    
   772.499939       817.637878    
   773.249878       817.926025    
   773.999878       818.213135    
   774.749939       818.499329    
   775.499939       818.784485    
   776.249878       819.068665    
   776.999878       819.351929    
   777.749939       819.634155    
   778.499939       819.915405    
   779.249878       820.195679    
   779.999878       820.474976    
   780.749939       820.753296    
   781.499939       821.030640    
   782.249878       821.306946    
   782.999878       821.582336    
   783.749878       821.856750    
   784.499939       822.130005    
   785.249878       822.402405    
   785.999878       822.673889    
   786.749878       822.944397    
   787.499939       823.213867    
   788.249939       823.482361    
   788.999878       823.749817    
   789.749878       824.016418    
   790.499939       824.281921    
   791.249939       824.546570    
   791.999878       824.810120    
   792.749878       825.072754    
   793.499939       825.334412    
   794.249939       825.595032    
   794.999878       825.854675    
   795.749878       826.113403    
   796.499939       826.371094    
   797.249939       826.627869    
   797.999878       826.883606    
   798.749878       827.138367    
   799.499878       827.392151    
   800.249939       827.644958    
   800.999878       827.896790    
   801.749878       828.147583    
   802.499878       828.397522    
   803.249939       828.646301    
   803.999878       828.894104    
   804.749878       829.141052    
   805.499878       829.387024    
   806.249939       829.631958    
   806.999939       829.875977    
   807.749878       830.118958    
   808.499878       830.360962    
   809.249939       830.601990    
   809.999939       830.842041    
   810.749878       831.081116    
   811.499878       831.319214    
   812.249939       831.556335    
   812.999939       831.792419    
   813.749878       832.027588    
   814.499878       832.261780    
   815.249939       832.494934    
   815.999939       832.727173    
   816.749878       832.958374    
   817.499878       833.188599    
   818.249878       833.417908    
   818.999939       833.646179    
   819.749878       833.873474    
   820.499878       834.099792    
   821.249878       834.325134    
   821.999939       834.549500    
   822.749878       834.772705    
   823.499878       834.995117    
   824.249878       835.216553    
   824.999939       835.437012    
   825.749939       835.656433    
   826.499878       835.874878    
   827.249878       836.092407    
   827.999939       836.308899    
   828.749939       836.524475    
   829.499878       836.739014    
   830.249878       836.952576    
   830.999939       837.165161    
   831.749939       837.376770    
   832.499878       837.587341    
   833.249878       837.796997    
   833.999878       838.005676    
   834.749939       838.213379    
   835.499878       838.420044    
   836.249878       838.625793    
   836.999878       838.830505    
   837.749939       839.034241    
   838.499878       839.237061    
   839.249878       839.438843    
   839.999878       839.639648    
   840.749939       839.839478    
   841.499878       840.038330    
   842.249878       840.236084    
   842.999878       840.432983    
   843.749939       840.628906    
   844.499878       840.823792    
   845.249878       841.017761    
   845.999878       841.210754    
   846.749939       841.402710    
   847.499939       841.593750    
   848.249878       841.783691    
   848.999878       841.972778    
   849.749878       842.160828    
   850.499939       842.347900    
   851.249878       842.533997    
   851.999878       842.719116    
   852.749878       842.903259    
   853.499939       843.086426    
   854.249878       843.268555    
   854.999878       843.449768    
   855.749878       843.630005    
   856.499939       843.809265    
   857.249878       843.987488    
   857.999878       844.164734    
   858.749878       844.341064    
   859.499939       844.516357    
   860.249878       844.690674    
   860.999878       844.864014    
   861.749878       845.036255    
   862.499939       845.207642    
   863.249878       845.377991    
   863.999878       845.547485    
   864.749878       845.715942    
   865.499939       845.883362    
   866.249939       846.049866    
   866.999878       846.215332    
   867.749878       846.379883    
   868.499878       846.543396    
   869.249939       846.705933    
   869.999878       846.867554    
   870.749878       847.028076    
   871.499878       847.187744    
   872.249939       847.346313    
   872.999878       847.503967    
   873.749878       847.660706    
   874.499878       847.816345    
   875.249939       847.971069    
   875.999878       848.124817    
   876.749878       848.277527    
   877.499878       848.429321    
   878.249939       848.580078    
   878.999878       848.729858    
   879.749878       848.878723    
   880.499878       849.026550    
   881.249939       849.173279    
   881.999878       849.319153    
   882.749878       849.464050    
   883.499878       849.607971    
   884.249878       849.750916    
   884.999939       849.892883    
   885.749878       850.033813    
   886.499878       850.173828    
   887.249878       850.312805    
   887.999939       850.450867    
   888.749878       850.587891    
   889.499878       850.723938    
   890.249878       850.859070    
   890.999939       850.993164    
   891.749878       851.126282    
   892.499878       851.258423    
   893.249878       851.389587    
   893.999939       851.519775    
   894.749878       851.648926    
   895.499878       851.777222    
   896.249878       851.904480    
   896.999939       852.030701    
   897.749878       852.155945    
   898.499878       852.280273    
   899.249878       852.403564    
   899.999878       852.525940    
   900.749878       852.647156    
   901.499878       852.767517    
   902.249878       852.886902    
   902.999878       853.005310    
   903.749939       853.122742    
   904.499878       853.239197    
   905.249878       853.354675    
   905.999878       853.469116    
   906.749939       853.582642    
   907.499878       853.695190    
   908.249878       853.806702    
   908.999878       853.917297    
   909.749939       854.026855    
   910.499878       854.135437    
   911.249878       854.243103    
   911.999878       854.349731    
   912.749939       854.455383    
   913.499878       854.559998    
   914.249878       854.663757    
   914.999878       854.766418    
   915.749939       854.868164    
   916.499878       854.968933    
   917.249878       855.068665    
   917.999878       855.167480    
   918.749878       855.265259    
   919.499878       855.362000    
   920.249878       855.457886    
   920.999878       855.552734    
   921.749878       855.646606    
   922.499939       855.739502    
   923.249878       855.831421    
   923.999878       855.922363    
   924.749878       856.012329    
   925.499939       856.101318    
   926.249878       856.189331    
   926.999878       856.276306    
   927.749878       856.362366    
   928.499939       856.447388    
   929.249878       856.531494    
   929.999878       856.614563    
   930.749878       856.696716    
   931.499939       856.777832    
   932.249878       856.857971    
   932.999878       856.937134    
   933.749878       857.015320    
   934.499878       857.092529    
   935.249878       857.168762    
   935.999878       857.244019    
   936.749878       857.318298    
   937.499878       857.391541    
   938.249878       857.463867    
   938.999878       857.535095    
   939.749878       857.605408    
   940.499878       857.674805    
   941.249939       857.743164    
   941.999878       857.810547    
   942.749878       857.876953    
   943.499878       857.942383    
   944.249939       858.006897    
   944.999878       858.070312    
   945.749878       858.132812    
   946.499878       858.194275    
   947.249939       858.254883    
   947.999878       858.314392    
   948.749878       858.372986    
   949.499878       858.430542    
   950.249939       858.487122    
   950.999878       858.542786    
   951.749878       858.597473    
   952.499878       858.651062    
   953.249878       858.703796    
   953.999878       858.755493    
   954.749878       858.806213    
   955.499878       858.855957    
   956.249878       858.904724    
   956.999878       858.952454    
   957.749878       858.999329    
   958.499878       859.044983    
   959.249878       859.089844    
   959.999817       859.133667    
   960.749878       859.176514    
   961.499878       859.218384    
   962.249878       859.259338    
   962.999939       859.299316    
   963.749878       859.338196    
   964.499878       859.376160    
   965.249878       859.413147    
   965.999939       859.449158    
   966.749878       859.484192    
   967.499878       859.518250    
   968.249878       859.551331    
   968.999878       859.583374    
   969.749878       859.614502    
   970.499878       859.644592    
   971.249878       859.673706    
   971.999878       859.701904    
   972.749878       859.729065    
   973.499878       859.755249    
   974.249878       859.780518    
   974.999878       859.804688    
   975.749817       859.828003    
   976.499878       859.850220    
   977.249878       859.871521    
   977.999878       859.891724    
   978.749817       859.911072    
   979.499878       859.929382    
   980.249878       859.946716    
   980.999878       859.963135    
   981.749939       859.978577    
   982.499878       859.992981    
   983.249878       860.006409    
   983.999878       860.018921    
   984.749878       860.030334    
   985.499878       860.040894    
   986.249878       860.050415    
   986.999878       860.058899    
   987.749878       860.066467    
   988.499878       860.073120    
   989.249878       860.078613    
   989.999878       860.083252    
   990.749878       860.086914    
   991.499878       860.089539    
   992.249878       860.091187    
   992.999878       860.091919    
   993.749878       860.091675    
   994.499817       860.090332    
   995.249878       860.088135    
   995.999878       860.084778    
   996.749878       860.080627    
   997.499817       860.075378    
   998.249878       860.069092    
   998.999878       860.061951    
   999.749878       860.053833    
   1000.49994       860.044739    
   1001.24988       860.034607    
   1001.99988       860.023560    
   1002.74988       860.011536    
   1003.49988       859.998413    
   1004.24988       859.984436    
   1004.99988       859.969421    
   1005.74988       859.953369    
   1006.49988       859.936401    
   1007.24988       859.918457    
   1007.99988       859.899536    
   1008.74988       859.879639    
   1009.49988       859.858765    
   1010.24982       859.836853    
   1010.99988       859.814026    
   1011.74988       859.790222    
   1012.49988       859.765320    
   1013.24982       859.739563    
   1013.99988       859.712830    
   1014.74988       859.684998    
   1015.49988       859.656250    
   1016.24982       859.626526    
   1016.99988       859.595703    
   1017.74988       859.564087    
   1018.49988       859.531433    
   1019.24988       859.497803    
   1019.99988       859.463135    
   1020.74988       859.427551    
   1021.49988       859.390991    
   1022.24988       859.353333    
   1022.99988       859.314819    
   1023.74988       859.275208    
   1024.49988       859.234741    
   1025.24988       859.193298    
   1025.99988       859.150757    
   1026.74988       859.107300    
   1027.49988       859.062927    
   1028.24988       859.017517    
   1028.99988       858.971069    
   1029.74988       858.923706    
   1030.49988       858.875366    
   1031.24988       858.825989    
   1031.99988       858.775696    
   1032.74988       858.724426    
   1033.49988       858.672058    
   1034.24988       858.618835    
   1034.99988       858.564636    
   1035.74988       858.509216    
   1036.49988       858.453003    
   1037.24988       858.395874    
   1037.99988       858.337708    
   1038.74988       858.278503    
   1039.49988       858.218445    
   1040.24988       858.157349    
   1040.99988       858.095154    
   1041.74988       858.032166    
   1042.49988       857.968018    
   1043.24988       857.903015    
   1043.99988       857.836975    
   1044.74988       857.769958    
   1045.49988       857.702026    
   1046.24988       857.633057    
   1046.99988       857.563110    
   1047.74988       857.492188    
   1048.49988       857.420288    
   1049.24988       857.347412    
   1049.99988       857.273499    
   1050.74988       857.198730    
   1051.49988       857.122925    
   1052.24988       857.046021    
   1052.99988       856.968262    
   1053.74988       856.889404    
   1054.49988       856.809692    
   1055.24988       856.728882    
   1055.99988       856.647156    
   1056.74988       856.564514    
   1057.49988       856.480774    
   1058.24988       856.396179    
   1058.99988       856.310425    
   1059.74988       856.223816    
   1060.49988       856.136292    
   1061.24988       856.047668    
   1061.99988       855.958130    
   1062.74988       855.867554    
   1063.49988       855.776001    
   1064.24988       855.683533    
   1064.99988       855.590088    
   1065.74988       855.495605    
   1066.49988       855.400146    
   1067.24988       855.303772    
   1067.99988       855.206360    
   1068.74988       855.107849    
   1069.49988       855.008606    
   1070.24988       854.908142    
   1070.99988       854.806824    
   1071.74988       854.704529    
   1072.49988       854.601196    
   1073.24988       854.496948    
   1073.99988       854.391724    
   1074.74988       854.285400    
   1075.49988       854.178040    
   1076.24988       854.069946    
   1076.99988       853.960754    
   1077.74988       853.850525    
   1078.49988       853.739380    
   1079.24988       853.627380    
   1079.99988       853.514160    
   1080.74988       853.400085    
   1081.49988       853.285034    
   1082.24988       853.168945    
   1082.99988       853.051941    
   1083.74988       852.933960    
   1084.49988       852.814941    
   1085.24988       852.694946    
   1085.99988       852.574097    
   1086.74988       852.452148    
   1087.49988       852.329102    
   1088.24988       852.205322    
   1088.99988       852.080322    
   1089.74988       851.954468    
   1090.49988       851.827759    
   1091.24988       851.699829    
   1091.99988       851.571045    
   1092.74988       851.441284    
   1093.49988       851.310547    
   1094.24988       851.178711    
   1094.99988       851.045898    
   1095.74988       850.912231    
   1096.49988       850.777466    
   1097.24988       850.641846    
   1097.99988       850.505249    
   1098.74988       850.367554    
   1099.49988       850.229004    
   1100.24988       850.089355    
   1100.99988       849.948730    
   1101.74988       849.807251    
   1102.49988       849.664795    
   1103.24988       849.521240    
   1103.99988       849.376709    
   1104.74988       849.231201    
   1105.49988       849.084717    
   1106.24988       848.937256    
   1106.99988       848.788940    
   1107.74988       848.639404    
   1108.49988       848.489136    
   1109.24988       848.337769    
   1109.99988       848.185425    
   1110.74988       848.032104    
   1111.49988       847.877808    
   1112.24988       847.722534    
   1112.99988       847.566040    
   1113.74988       847.408813    
   1114.49988       847.250610    
   1115.24988       847.091309    
   1115.99988       846.931152    
   1116.74988       846.770020    
   1117.49988       846.607788    
   1118.24988       846.444702    
   1118.99988       846.280640    
   1119.74988       846.115479    
   1120.49988       845.949463    
   1121.24988       845.782349    
   1121.99988       845.614258    
   1122.74988       845.445312    
   1123.49988       845.275269    
   1124.24988       845.104248    
   1124.99988       844.932251    
   1125.74988       844.759399    
   1126.49988       844.585449    
   1127.24988       844.410522    
   1127.99988       844.234619    
   1128.74988       844.057739    
   1129.49988       843.879883    
   1130.24988       843.701172    
   1130.99988       843.521362    
   1131.74988       843.340454    
   1132.49988       843.158569    
   1133.24988       842.975830    
   1133.99988       842.792114    
   1134.74988       842.607300    
   1135.49988       842.421631    
   1136.24988       842.234985    
   1136.99988       842.047363    
   1137.74988       841.858765    
   1138.49988       841.669067    
   1139.24988       841.478516    
   1139.99988       841.286865    
   1140.74988       841.094238    
   1141.49988       840.900757    
   1142.24988       840.706299    
   1142.99988       840.510620    
   1143.74988       840.314209    
   1144.49988       840.116821    
   1145.24988       839.918213    
   1145.99988       839.718872    
   1146.74988       839.518433    
   1147.49988       839.317017    
   1148.24988       839.114624    
   1148.99988       838.911377    
   1149.74988       838.707031    
   1150.49988       838.501709    
   1151.24988       838.295410    
   1151.99988       838.087891    
   1152.74988       837.879639    
   1153.49988       837.670410    
   1154.24988       837.460205    
   1154.99988       837.249023    
   1155.74988       837.036865    
   1156.49988       836.823730    
   1157.24988       836.609497    
   1157.99988       836.394409    
   1158.74988       836.178345    
   1159.49988       835.961060    
   1160.24988       835.743164    
   1160.99988       835.524048    
   1161.74988       835.303955    
   1162.49988       835.083008    
   1163.24988       834.860962    
   1163.99988       834.637939    
   1164.74988       834.414062    
   1165.49988       834.189087    
   1166.24988       833.963135    
   1166.99988       833.736328    
   1167.74988       833.508423    
   1168.49988       833.279419    
   1169.24988       833.049683    
   1169.99988       832.818970    
   1170.74988       832.587036    
   1171.49988       832.354126    
   1172.24988       832.120361    
   1172.99988       831.885620    
   1173.74988       831.649902    
   1174.49988       831.413208    
   1175.24988       831.175537    
   1175.99988       830.936768    
   1176.74988       830.697144    
   1177.49988       830.456543    
   1178.24988       830.214844    
   1178.99988       829.972290    
   1179.74988       829.728760    
   1180.49988       829.484131    
   1181.24988       829.238647    
   1181.99988       828.992065    
   1182.74988       828.744629    
   1183.49988       828.496094    
   1184.24988       828.246704    
   1184.99988       827.996094    
   1185.74988       827.744629    
   1186.49988       827.492310    
   1187.24988       827.238770    
   1187.99988       826.984619    
   1188.74988       826.729248    
   1189.49988       826.472900    
   1190.24988       826.215576    
   1190.99988       825.957275    
   1191.74988       825.697876    
   1192.49988       825.437622    
   1193.24988       825.176392    
   1193.99988       824.914185    
   1194.74988       824.651123    
   1195.49988       824.386963    
   1196.24988       824.121826    
   1196.99988       823.855591    
   1197.74988       823.588501    
   1198.49988       823.320190    
   1199.24988       823.051147    
   1199.99988       822.781128    
   1200.74988       822.510132    
   1201.49988       822.238037    
   1202.24976       821.965088    
   1202.99976       821.691040    
   1203.74988       821.416138    
   1204.49988       821.140137    
   1205.24988       820.863281    
   1205.99988       820.585205    
   1206.74988       820.306396    
   1207.49988       820.026489    
   1208.24976       819.745728    
   1208.99976       819.463867    
   1209.74976       819.180908    
   1210.49988       818.897217    
   1211.24988       818.612427    
   1211.99988       818.326660    
   1212.74988       818.039917    
   1213.49988       817.752075    
   1214.24988       817.463501    
   1214.99976       817.173828    
   1215.74976       816.883179    
   1216.49988       816.591553    
   1217.24988       816.298828    
   1217.99988       816.005249    
   1218.74988       815.710693    
   1219.49988       815.414795    
   1220.24988       815.118164    
   1220.99976       814.820679    
   1221.74976       814.522217    
   1222.49988       814.222778    
   1223.24988       813.922241    
   1223.99988       813.620850    
   1224.74988       813.318359    
   1225.49988       813.014893    
   1226.24988       812.710571    
   1226.99976       812.405151    
   1227.74976       812.098877    
   1228.49976       811.791382    
   1229.24988       811.483154    
   1229.99988       811.173828    
   1230.74988       810.863525    
   1231.49988       810.552246    
   1232.24988       810.239990    
   1232.99988       809.926758    
   1233.74976       809.612549    
   1234.49976       809.297363    
   1235.24988       808.981201    
   1235.99988       808.663940    
   1236.74988       808.345825    
   1237.49988       808.026733    
   1238.24988       807.706665    
   1238.99988       807.385498    
   1239.74976       807.063477    
   1240.49976       806.740479    
   1241.24976       806.416504    
   1241.99988       806.091553    
   1242.74988       805.765625    
   1243.49988       805.438477    
   1244.24988       805.110596    
   1244.99988       804.781616    
   1245.74976       804.451782    
   1246.49976       804.120972    
   1247.24976       803.788940    
   1247.99988       803.456177    
   1248.74988       803.122314    
   1249.49988       802.787598    
   1250.24988       802.451660    
   1250.99988       802.114868    
   1251.74988       801.777100    
   1252.49976       801.438477    
   1253.24976       801.098755    
   1253.99988       800.758057    
   1254.74988       800.416260    
   1255.49988       800.073730    
   1256.24988       799.730103    
   1256.99988       799.385498    
   1257.74988       799.039795    
   1258.49976       798.692993    
   1259.24976       798.345459    
   1259.99976       797.996948    
   1260.74988       797.647461    
   1261.49988       797.296753    
   1262.24988       796.945312    
   1262.99988       796.592896    
   1263.74988       796.239380    
   1264.49976       795.885010    
   1265.24976       795.529663    
   1265.99976       795.173218    
   1266.74988       794.815796    
   1267.49988       794.457520    
   1268.24988       794.098145    
   1268.99988       793.737793    
   1269.74988       793.376465    
   1270.49988       793.014160    
   1271.24976       792.651001    
   1271.99976       792.286743    
   1272.74988       791.921509    
   1273.49988       791.555298    
   1274.24988       791.188110    
   1274.99988       790.819946    
   1275.74988       790.450806    
   1276.49988       790.080566    
   1277.24976       789.709595    
   1277.99976       789.337524    
   1278.74976       788.964478    
   1279.49988       788.590454    
   1280.24988       788.215210    
   1280.99988       787.839233    
   1281.74988       787.462280    
   1282.49988       787.084351    
   1283.24976       786.705444    
   1283.99976       786.325562    
   1284.74976       785.944458    
   1285.49988       785.562622    
   1286.24988       785.179688    
   1286.99988       784.795898    
   1287.74988       784.411011    
   1288.49988       784.025146    
   1289.24988       783.638306    
   1289.99976       783.250610    
   1290.74976       782.861938    
   1291.49988       782.472046    
   1292.24988       782.081299    
   1292.99988       781.689697    
   1293.74988       781.296997    
   1294.49988       780.903320    
   1295.24988       780.508545    
   1295.99976       780.113037    
   1296.74976       779.716187    
   1297.49976       779.318604    
   1298.24988       778.920044    
   1298.99988       778.520386    
   1299.74988       778.119873    
   1300.49988       777.718384    
   1301.24988       777.315796    
   1301.99976       776.912476    
   1302.74976       776.507812    
   1303.49976       776.102417    
   1304.24988       775.696045    
   1304.99988       775.288696    
   1305.74988       774.880249    
   1306.49988       774.470825    
   1307.24988       774.060425    
   1307.99988       773.649170    
   1308.74976       773.236938    
   1309.49976       772.823608    
   1310.24976       772.409302    
   1310.99988       771.994019    
   1311.74988       771.577759    
   1312.49988       771.160645    
   1313.24988       770.742310    
   1313.99988       770.323120    
   1314.74976       769.903076    
   1315.49976       769.481934    
   1316.24976       769.059814    
   1316.99988       768.636719    
   1317.74988       768.212524    
   1318.49988       767.787476    
   1319.24988       767.361450    
   1319.99988       766.934448    
   1320.74976       766.506592    
   1321.49976       766.077515    
   1322.24976       765.647461    
   1322.99988       765.216553    
   1323.74988       764.784668    
   1324.49988       764.351807    
   1325.24988       763.917725    
   1325.99988       763.482910    
   1326.74988       763.047119    
   1327.49976       762.610352    
   1328.24976       762.172485    
   1328.99976       761.733643    
   1329.74988       761.293823    
   1330.49988       760.853149    
   1331.24988       760.411377    
   1331.99988       759.968506    
   1332.74988       759.524902    
   1333.49976       759.080200    
   1334.24976       758.634644    
   1334.99976       758.187988    
   1335.74988       757.740112    
   1336.49988       757.291382    
   1337.24988       756.841797    
   1337.99988       756.391235    
   1338.74988       755.939819    
   1339.49976       755.487305    
   1340.24976       755.033691    
   1340.99976       754.579224    
   1341.74988       754.123779    
   1342.49988       753.667358    
   1343.24988       753.209717    
   1343.99988       752.751343    
   1344.74988       752.291992    
   1345.49988       751.831665    
   1346.24976       751.370361    
   1346.99976       750.907959    
   1347.74976       750.444580    
   1348.49988       749.980347    
   1349.24988       749.515015    
   1349.99988       749.048828    
   1350.74988       748.581421    
   1351.49988       748.113159    
   1352.24976       747.644043    
   1352.99976       747.173950    
   1353.74976       746.702759    
   1354.49988       746.230469    
   1355.24988       745.757324    
   1355.99988       745.283325    
   1356.74988       744.808228    
   1357.49988       744.332153    
   1358.24976       743.855225    
   1358.99976       743.377075    
   1359.74976       742.898071    
   1360.49976       742.418091    
   1361.24988       741.937134    
   1361.99988       741.454956    
   1362.74988       740.972046    
   1363.49988       740.488159    
   1364.24988       740.003296    
   1364.99976       739.517456    
   1365.74976       739.030518    
   1366.49976       738.542725    
   1367.24988       738.053833    
   1367.99988       737.564087    
   1368.74988       737.073242    
   1369.49988       736.581421    
   1370.24988       736.088623    
   1370.99976       735.594971    
   1371.74976       735.100342    
   1372.49976       734.604614    
   1373.24988       734.107910    
   1373.99988       733.610229    
   1374.74988       733.111328    
   1375.49988       732.611694    
   1376.24988       732.111206    
   1376.99976       731.609619    
   1377.74976       731.107056    
   1378.49976       730.603516    
   1379.24976       730.098999    
   1379.99988       729.593506    
   1380.74988       729.086914    
   1381.49988       728.579468    
   1382.24988       728.071045    
   1382.99988       727.561523    
   1383.74976       727.051270    
   1384.49976       726.539795    
   1385.24976       726.027344    
   1385.99988       725.514038    
   1386.74988       724.999756    
   1387.49988       724.484497    
   1388.24988       723.968018    
   1388.99988       723.450806    
   1389.74976       722.932617    
   1390.49976       722.413330    
   1391.24976       721.893188    
   1391.99988       721.371826    
   1392.74988       720.849731    
   1393.49988       720.326538    
   1394.24988       719.802368    
   1394.99988       719.277222    
   1395.74976       718.751099    
   1396.49976       718.224121    
   1397.24976       717.696045    
   1397.99976       717.166992    
   1398.74988       716.636963    
   1399.49988       716.105835    
   1400.24988       715.573853    
   1400.99988       715.040894    
   1401.74988       714.506958    
   1402.49976       713.972168    
   1403.24976       713.436157    
   1403.99976       712.899292    
   1404.74988       712.361328    
   1405.49988       711.822510    
   1406.24988       711.282593    
   1406.99988       710.741821    
   1407.74988       710.199951    
   1408.49976       709.657349    
   1409.24976       709.113525    
   1409.99976       708.568848    
   1410.74976       708.022949    
   1411.49988       707.476318    
   1412.24988       706.928589    
   1412.99988       706.379761    
   1413.74988       705.829956    
   1414.49976       705.279419    
   1415.24976       704.727783    
   1415.99976       704.175293    
   1416.74976       703.621704    
   1417.49988       703.067139    
   1418.24988       702.511475    
   1418.99988       701.954956    
   1419.74988       701.397461    
   1420.49976       700.839111    
   1421.24976       700.279663    
   1421.99976       699.719116    
   1422.74976       699.157715    
   1423.49988       698.595337    
   1424.24988       698.031982    
   1424.99988       697.467529    
   1425.74988       696.902100    
   1426.49988       696.335815    
   1427.24976       695.768677    
   1427.99976       695.200317    
   1428.74976       694.631104    
   1429.49976       694.060669    
   1430.24988       693.489502    
   1430.99988       692.917358    
   1431.74988       692.344116    
   1432.49988       691.769775    
   1433.24976       691.194824    
   1433.99976       690.618652    
   1434.74976       690.041504    
   1435.49976       689.463501    
   1436.24988       688.884277    
   1436.99988       688.304199    
   1437.74988       687.723145    
   1438.49988       687.141235    
   1439.24976       686.558350    
   1439.99976       685.974365    
   1440.74976       685.389282    
   1441.49976       684.803345    
   1442.24988       684.216431    
   1442.99988       683.628540    
   1443.74988       683.039429    
   1444.49988       682.449585    
   1445.24988       681.858765    
   1445.99976       681.267090    
   1446.74976       680.674316    
   1447.49976       680.080322    
   1448.24976       679.485596    
   1448.99988       678.889893    
   1449.74988       678.293091    
   1450.49988       677.695435    
   1451.24988       677.096558    
   1451.99976       676.496826    
   1452.74976       675.896118    
   1453.49976       675.294556    
   1454.24976       674.691895    
   1454.99988       674.088135    
   1455.74988       673.483643    
   1456.49988       672.878052    
   1457.24988       672.271484    
   1457.99976       671.664062    
   1458.74976       671.055420    
   1459.49976       670.445923    
   1460.24976       669.835571    
   1460.99988       669.224121    
   1461.74988       668.611694    
   1462.49988       667.998169    
   1463.24988       667.383789    
   1463.99988       666.768433    
   1464.74976       666.152100    
   1465.49976       665.534790    
   1466.24976       664.916382    
   1466.99976       664.297119    
   1467.74988       663.676880    
   1468.49988       663.055542    
   1469.24988       662.433350    
   1469.99988       661.809937    
   1470.74976       661.185913    
   1471.49976       660.560669    
   1472.24976       659.934570    
   1472.99976       659.307495    
   1473.74988       658.679199    
   1474.49988       658.050049    
   1475.24988       657.420044    
   1475.99988       656.788940    
   1476.74976       656.156982    
   1477.49976       655.523804    
   1478.24976       654.889893    
   1478.99976       654.254883    
   1479.74976       653.618896    
   1480.49988       652.981934    
   1481.24988       652.343872    
   1481.99988       651.704956    
   1482.74988       651.065063    
   1483.49976       650.424316    
   1484.24976       649.782471    
   1484.99976       649.139526    
   1485.74976       648.495728    
   1486.49988       647.850952    
   1487.24988       647.205200    
   1487.99988       646.558228    
   1488.74988       645.910522    
   1489.49976       645.261841    
   1490.24976       644.611938    
   1490.99976       643.961304    
   1491.74976       643.309570    
   1492.49988       642.656860    
   1493.24988       642.003174    
   1493.99988       641.348633    
   1494.74988       640.692993    
   1495.49976       640.036621    
   1496.24976       639.378906    
   1496.99976       638.720337    
   1497.74976       638.060791    
   1498.49976       637.400391    
   1499.24988       636.738770    
   1499.99988       636.076294    
   1500.74988       635.412842    
   1501.49988       634.748413    
   1502.24976       634.083130    
   1502.99976       633.416748    
   1503.74976       632.749268    
   1504.49976       632.080933    
   1505.24988       631.411621    
   1505.99988       630.741333    
   1506.74988       630.069946    
   1507.49988       629.397705    
   1508.24976       628.724487    
   1508.99976       628.050293    
   1509.74976       627.375122    
   1510.49976       626.698730    
   1511.24988       626.021606    
   1511.99988       625.343506    
   1512.74988       624.664307    
   1513.49988       623.984253    
   1514.24976       623.303223    
   1514.99976       622.620972    
   1515.74976       621.937988    
   1516.49976       621.253906    
   1517.24976       620.568970    
   1517.99988       619.882812    
   1518.74988       619.195801    
   1519.49988       618.507812    
   1520.24988       617.818970    
   1520.99976       617.129150    
   1521.74976       616.438232    
   1522.49976       615.746216    
   1523.24976       615.053345    
   1523.99988       614.359497    
   1524.74988       613.664673    
   1525.49988       612.968750    
   1526.24988       612.271973    
   1526.99976       611.574219    
   1527.74976       610.875488    
   1528.49976       610.175781    
   1529.24976       609.474731    
   1529.99976       608.772949    
   1530.74988       608.070312    
   1531.49988       607.366699    
   1532.24988       606.661987    
   1532.99976       605.956543    
   1533.74976       605.249756    
   1534.49976       604.542236    
   1535.24976       603.833740    
   1535.99976       603.124023    
   1536.74988       602.413574    
   1537.49988       601.701904    
   1538.24988       600.989502    
   1538.99988       600.276123    
   1539.74976       599.561768    
   1540.49976       598.846191    
   1541.24976       598.129639    
   1541.99976       597.412354    
   1542.74988       596.693848    
   1543.49988       595.974609    
   1544.24988       595.254150    
   1544.99988       594.532715    
   1545.74976       593.810547    
   1546.49976       593.087402    
   1547.24976       592.363037    
   1547.99976       591.637695    
   1548.74976       590.911621    
   1549.49988       590.184326    
   1550.24988       589.456055    
   1550.99988       588.726807    
   1551.74976       587.996826    
   1552.49976       587.265625    
   1553.24976       586.533691    
   1553.99976       585.800537    
   1554.74976       585.066406    
   1555.49988       584.331299    
   1556.24988       583.595215    
   1556.99988       582.858154    
   1557.74988       582.120117    
   1558.49976       581.381348    
   1559.24976       580.641357    
   1559.99976       579.900391    
   1560.74976       579.158447    
   1561.49988       578.415527    
   1562.24988       577.671631    
   1562.99988       576.926758    
   1563.74988       576.180908    
   1564.49976       575.434082    
   1565.24976       574.686279    
   1565.99976       573.937500    
   1566.74976       573.187744    
   1567.49976       572.437012    
   1568.24988       571.685059    
   1568.99988       570.932129    
   1569.74988       570.178467    
   1570.49976       569.423828    
   1571.24976       568.668213    
   1571.99976       567.911621    
   1572.74976       567.154053    
   1573.49976       566.395508    
   1574.24988       565.635742    
   1574.99988       564.875244    
   1575.74988       564.113525    
   1576.49988       563.351074    
   1577.24976       562.587646    
   1577.99976       561.822998    
   1578.74976       561.057617    
   1579.49976       560.291260    
   1580.24976       559.523682    
   1580.99988       558.755127    
   1581.74988       557.985840    
   1582.49988       557.215576    
   1583.24976       556.444336    
   1583.99976       555.671875    
   1584.74976       554.898682    
   1585.49976       554.124268    
   1586.24976       553.348877    
   1586.99988       552.572754    
   1587.74988       551.795410    
   1588.49988       551.017090    
   1589.24976       550.238037    
   1589.99976       549.457764    
   1590.74976       548.676758    
   1591.49976       547.894531    
   1592.24976       547.111328    
   1592.99988       546.327148    
   1593.74988       545.542236    
   1594.49988       544.756104    
   1595.24988       543.968994    
   1595.99976       543.181152    
   1596.74976       542.392090    
   1597.49976       541.602051    
   1598.24976       540.811035    
   1598.99976       540.019043    
   1599.74988       539.226074    
   1600.49988       538.432129    
   1601.24988       537.637207    
   1601.99976       536.841553    
   1602.74976       536.044678    
   1603.49976       535.246582    
   1604.24976       534.447754    
   1604.99976       533.648193    
   1605.74988       532.847412    
   1606.49988       532.045410    
   1607.24988       531.242432    
   1607.99976       530.438721    
   1608.74976       529.634033    
   1609.49976       528.828369    
   1610.24976       528.021729    
   1610.99976       527.214111    
   1611.74988       526.405273    
   1612.49988       525.595703    
   1613.24988       524.785156    
   1613.99988       523.973633    
   1614.74976       523.161133    
   1615.49976       522.347656    
   1616.24976       521.532959    
   1616.99976       520.717529    
   1617.74976       519.901123    
   1618.49988       519.083496    
   1619.24988       518.265137    
   1619.99988       517.445557    
   1620.74976       516.625488    
   1621.49976       515.803955    
   1622.24976       514.981445    
   1622.99976       514.158203    
   1623.74976       513.333740    
   1624.49988       512.508545    
   1625.24988       511.682373    
   1625.99988       510.854736    
   1626.74976       510.026855    
   1627.49976       509.197510    
   1628.24976       508.367432    
   1628.99976       507.536133    
   1629.74976       506.703857    
   1630.49988       505.870605    
   1631.24988       505.036621    
   1631.99988       504.201416    
   1632.74988       503.365234    
   1633.49976       502.528320    
   1634.24976       501.690186    
   1634.99976       500.851074    
   1635.74976       500.011230    
   1636.49976       499.170166    
   1637.24988       498.328125    
   1637.99988       497.485107    
   1638.74988       496.641113    
   1639.49976       495.796387    
   1640.24976       494.950439    
   1640.99976       494.103516    
   1641.74976       493.255615    
   1642.49976       492.406738    
   1643.24988       491.556885    
   1643.99988       490.706055    
   1644.74988       489.854248    
   1645.49976       489.001221    
   1646.24976       488.147461    
   1646.99976       487.292725    
   1647.74976       486.437012    
   1648.49976       485.580322    
   1649.24976       484.722656    
   1649.99988       483.864014    
   1650.74988       483.004395    
   1651.49988       482.143555    
   1652.24976       481.281982    
   1652.99976       480.419434    
   1653.74976       479.555908    
   1654.49976       478.691406    
   1655.24976       477.825684    
   1655.99988       476.959229    
   1656.74988       476.091797    
   1657.49988       475.223389    
   1658.24976       474.354004    
   1658.99976       473.483643    
   1659.74976       472.612061    
   1660.49976       471.739746    
   1661.24976       470.866211    
   1661.99988       469.991943    
   1662.74988       469.116455    
   1663.49988       468.240234    
   1664.24976       467.363037    
   1664.99976       466.484619    
   1665.74976       465.605469    
   1666.49976       464.725098    
   1667.24976       463.843750    
   1667.99976       462.961670    
   1668.74988       462.078369    
   1669.49988       461.194336    
   1670.24976       460.309326    
   1670.99976       459.423096    
   1671.74976       458.535889    
   1672.49976       457.647949    
   1673.24976       456.758789    
   1673.99976       455.868652    
   1674.74988       454.977539    
   1675.49988       454.085449    
   1676.24988       453.192627    
   1676.99976       452.298828    
   1677.74976       451.403809    
   1678.49976       450.507812    
   1679.24976       449.610840    
   1679.99976       448.712891    
   1680.74988       447.813965    
   1681.49988       446.914062    
   1682.24988       446.013184    
   1682.99976       445.111572    
   1683.74976       444.208496    
   1684.49976       443.304688    
   1685.24976       442.399658    
   1685.99976       441.494141    
   1686.74976       440.587402    
   1687.49988       439.679688    
   1688.24988       438.770996    
   1688.99976       437.861328    
   1689.74976       436.950684    
   1690.49976       436.039062    
   1691.24976       435.126465    
   1691.99976       434.212891    
   1692.74976       433.298096    
   1693.49988       432.382568    
   1694.24988       431.466064    
   1694.99988       430.548584    
   1695.74976       429.630127    
   1696.49976       428.710449    
   1697.24976       427.790039    
   1697.99976       426.868652    
   1698.74976       425.946289    
   1699.49976       425.022705    
   1700.24988       424.098145    
   1700.99988       423.172852    
   1701.74976       422.246582    
   1702.49976       421.319336    
   1703.24976       420.391113    
   1703.99976       419.461670    
   1704.74976       418.531250    
   1705.49976       417.600098    
   1706.24988       416.667969    
   1706.99988       415.734619    
   1707.74976       414.800537    
   1708.49976       413.865234    
   1709.24976       412.929199    
   1709.99976       411.991943    
   1710.74976       411.053955    
   1711.49976       410.114746    
   1712.24988       409.174561    
   1712.99988       408.233643    
   1713.74988       407.291504    
   1714.49976       406.348633    
   1715.24976       405.404541    
   1715.99976       404.459473    
   1716.74976       403.513428    
   1717.49976       402.566650    
   1718.24976       401.618652    
   1718.99988       400.669678    
   1719.74988       399.719727    
   1720.49976       398.769043    
   1721.24976       397.817139    
   1721.99976       396.864258    
   1722.74976       395.910156    
   1723.49976       394.955322    
   1724.24976       393.999512    
   1724.99988       393.042725    
   1725.74988       392.084961    
   1726.49976       391.126221    
   1727.24976       390.166504    
   1727.99976       389.206055    
   1728.74976       388.244385    
   1729.49976       387.281738    
   1730.24976       386.317871    
   1730.99988       385.353271    
   1731.74988       384.387695    
   1732.49988       383.421143    
   1733.24976       382.453857    
   1733.99976       381.485107    
   1734.74976       380.515625    
   1735.49976       379.545166    
   1736.24976       378.573486    
   1736.99976       377.601074    
   1737.74988       376.627441    
   1738.49988       375.653076    
   1739.24976       374.677979    
   1739.99976       373.701660    
   1740.74976       372.724121    
   1741.49976       371.745605    
   1742.24976       370.766357    
   1742.99976       369.786133    
   1743.74988       368.804688    
   1744.49988       367.822266    
   1745.24976       366.839355    
   1745.99976       365.854980    
   1746.74976       364.869873    
   1747.49976       363.883789    
   1748.24976       362.896240    
   1748.99976       361.908203    
   1749.74976       360.919189    
   1750.49988       359.928955    
   1751.24988       358.937988    
   1751.99976       357.946045    
   1752.74976       356.952881    
   1753.49976       355.958740    
   1754.24976       354.963623    
   1754.99976       353.967773    
   1755.74976       352.970703    
   1756.49988       351.972656    
   1757.24988       350.973633    
   1757.99976       349.973877    
   1758.74976       348.973145    
   1759.49976       347.971191    
   1760.24976       346.968262    
   1760.99976       345.964355    
   1761.74976       344.959229    
   1762.49988       343.953369    
   1763.24988       342.946533    
   1763.99976       341.938965    
   1764.74976       340.930176    
   1765.49976       339.920410    
   1766.24976       338.909668    
   1766.99976       337.897949    
   1767.74976       336.885254    
   1768.49976       335.871582    
   1769.24988       334.856934    
   1769.99988       333.841309    
   1770.74976       332.824951    
   1771.49976       331.807129    
   1772.24976       330.788574    
   1772.99976       329.769043    
   1773.74976       328.748535    
   1774.49976       327.726807    
   1775.24988       326.704346    
   1775.99988       325.680908    
   1776.74976       324.656738    
   1777.49976       323.631104    
   1778.24976       322.604736    
   1778.99976       321.577148    
   1779.74976       320.548828    
   1780.49976       319.519531    
   1781.24988       318.489258    
   1781.99988       317.457764    
   1782.74976       316.425537    
   1783.49976       315.392334    
   1784.24976       314.358154    
   1784.99976       313.322754    
   1785.74976       312.286377    
   1786.49976       311.249268    
   1787.24976       310.211182    
   1787.99988       309.171875    
   1788.74988       308.131592    
   1789.49976       307.090576    
   1790.24976       306.048584    
   1790.99976       305.005615    
   1791.74976       303.961426    
   1792.49976       302.916504    
   1793.24976       301.870117    
   1793.99988       300.823242    
   1794.74988       299.775146    
   1795.49976       298.726318    
   1796.24976       297.676514    
   1796.99976       296.625488    
   1797.74976       295.573486    
   1798.49976       294.520508    
   1799.24976       293.466797    
   1799.99976       292.411865    
   1800.74988       291.355713    
   1801.49976       290.299072    
   1802.24976       289.241211    
   1802.99976       288.182373    
   1803.74976       287.122559    
   1804.49976       286.061768    
   1805.24976       285.000000    
   1805.99976       283.937256    
   1806.74988       282.873535    
   1807.49988       281.808838    
   1808.24976       280.743408    
   1808.99976       279.676758    
   1809.74976       278.609131    
   1810.49976       277.540527    
   1811.24976       276.470947    
   1811.99976       275.400146    
   1812.74988       274.328613    
   1813.49988       273.256104    
   1814.24976       272.182861    
   1814.99976       271.108398    
   1815.74976       270.032715    
   1816.49976       268.956299    
   1817.24976       267.878906    
   1817.99976       266.800537    
   1818.74976       265.720947    
   1819.49988       264.640625    
   1820.24976       263.559326    
   1820.99976       262.477051    
   1821.74976       261.393799    
   1822.49976       260.309570    
   1823.24976       259.224121    
   1823.99976       258.137939    
   1824.74976       257.050537    
   1825.49988       255.962402    
   1826.24988       254.873047    
   1826.99976       253.782959    
   1827.74976       252.691895    
   1828.49976       251.599854    
   1829.24976       250.506592    
   1829.99976       249.412354    
   1830.74976       248.317383    
   1831.49988       247.221191    
   1832.24988       246.124268    
   1832.99976       245.026367    
   1833.74976       243.927490    
   1834.49976       242.827148    
   1835.24976       241.726318    
   1835.99976       240.624268    
   1836.74976       239.521484    
   1837.49976       238.417236    
   1838.24988       237.312500    
   1838.99976       236.206543    
   1839.74976       235.099609    
   1840.49976       233.991943    
   1841.24976       232.882812    
   1841.99976       231.773193    
   1842.74976       230.662354    
   1843.49976       229.550537    
   1844.24988       228.437744    
   1844.99988       227.323975    
   1845.74976       226.209473    
   1846.49976       225.093750    
   1847.24976       223.977051    
   1847.99976       222.859375    
   1848.74976       221.740723    
   1849.49976       220.621094    
   1850.24988       219.500488    
   1850.99988       218.378906    
   1851.74976       217.256592    
   1852.49976       216.133057    
   1853.24976       215.008301    
   1853.99976       213.882812    
   1854.74976       212.756348    
   1855.49976       211.628906    
   1856.24976       210.500488    
   1856.99988       209.370850    
   1857.74976       208.240723    
   1858.49976       207.109375    
   1859.24976       205.977051    
   1859.99976       204.843506    
   1860.74976       203.709229    
   1861.49976       202.573975    
   1862.24976       201.437744    
   1862.99988       200.300293    
   1863.74988       199.161865    
   1864.49976       198.022949    
   1865.24976       196.882812    
   1865.99976       195.741455    
   1866.74976       194.599365    
   1867.49976       193.456055    
   1868.24976       192.312012    
   1868.99976       191.166748    
   1869.74988       190.020752    
   1870.49976       188.873779    
   1871.24976       187.725586    
   1871.99976       186.576660    
   1872.74976       185.426514    
   1873.49976       184.275635    
   1874.24976       183.123535    
   1874.99976       181.970459    
   1875.74988       180.816650    
   1876.49976       179.661865    
   1877.24976       178.505615    
   1877.99976       177.348877    
   1878.74976       176.190674    
   1879.49976       175.031982    
   1880.24976       173.872070    
   1880.99976       172.711426    
   1881.74988       171.549316    
   1882.49988       170.386719    
   1883.24976       169.223145    
   1883.99976       168.058350    
   1884.74976       166.892578    
   1885.49976       165.725830    
   1886.24976       164.558105    
   1886.99976       163.389404    
   1887.74976       162.219727    
   1888.49988       161.049316    
   1889.24976       159.877686    
   1889.99976       158.705078    
   1890.74976       157.531494    
   1891.49976       156.356934    
   1892.24976       155.181396    
   1892.99976       154.004639    
   1893.74976       152.827393    
   1894.49988       151.648926    
   1895.24976       150.469482    
   1895.99976       149.289062    
   1896.74976       148.107666    
   1897.49976       146.925293    
   1898.24976       145.741943    
   1898.99976       144.557373    
   1899.74976       143.372070    
   1900.49988       142.185547    
   1901.24988       140.998291    
   1901.99976       139.810303    
   1902.74976       138.621094    
   1903.49976       137.430908    
   1904.24976       136.239502    
   1904.99976       135.047119    
   1905.74976       133.854004    
   1906.49976       132.659912    
   1907.24988       131.464844    
   1907.99976       130.268799    
   1908.74976       129.071533    
   1909.49976       127.873535    
   1910.24976       126.674316    
   1910.99976       125.474365    
   1911.74976       124.273193    
   1912.49976       123.071289    
   1913.24988       121.868164    
   1913.99976       120.664307    
   1914.74976       119.459473    
   1915.49976       118.253662    
   1916.24976       117.046143    
   1916.99976       115.838379    
   1917.74976       114.629395    
   1918.49976       113.419678    
   1919.24976       112.208496    
   1919.99963       110.997070    
   1920.74976       109.784180    
   1921.49976       108.570312    
   1922.24976       107.355713    
   1922.99976       106.139648    
   1923.74976       104.923096    
   1924.49976       103.705322    
   1925.24976       102.486572    
   1925.99988       101.267090    
   1926.74976       100.046631    
   1927.49976       98.8247070    
   1928.24976       97.6020508    
   1928.99976       96.3784180    
   1929.74976       95.1540527    
   1930.49976       93.9282227    
   1931.24976       92.7016602    
   1931.99988       91.4741211    
   1932.74963       90.2458496    
   1933.49976       89.0163574    
   1934.24976       87.7858887    
   1934.99976       86.5544434    
   1935.74976       85.3220215    
   1936.49976       84.0886230    
   1937.24976       82.8542480    
   1937.99976       81.6186523    
   1938.74963       80.3825684    
   1939.49976       79.1452637    
   1940.24976       77.9069824    
   1940.99976       76.6674805    
   1941.74976       75.4272461    
   1942.49976       74.1857910    
   1943.24976       72.9436035    
   1943.99976       71.7004395    
   1944.74988       70.4562988    
   1945.49976       69.2111816    
   1946.24976       67.9650879    
   1946.99976       66.7177734    
   1947.74976       65.4697266    
   1948.49976       64.2207031    
   1949.24976       62.9704590    
   1949.99976       61.7192383    
   1950.74988       60.4672852    
   1951.49963       59.2145996    
   1952.24976       57.9604492    
   1952.99976       56.7053223    
   1953.74976       55.4494629    
   1954.49976       54.1923828    
   1955.24976       52.9343262    
   1955.99976       51.6752930    
   1956.74976       50.4152832    
   1957.49963       49.1547852    
   1958.24976       47.8928223    
   1958.99976       46.6298828    
   1959.74976       45.3662109    
   1960.49976       44.1010742    
   1961.24976       42.8356934    
   1961.99976       41.5686035    
   1962.74976       40.3007812    
   1963.49988       39.0322266    
   1964.24976       37.7626953    
   1964.99976       36.4919434    
   1965.74976       35.2199707    
   1966.49976       33.9475098    
   1967.24976       32.6738281    
   1967.99976       31.3994141    
   1968.74976       30.1235352    
   1969.49976       28.8469238    
   1970.24963       27.5695801    
   1970.99976       26.2912598    
   1971.74976       25.0114746    
   1972.49976       23.7312012    
   1973.24976       22.4494629    
   1973.99976       21.1669922    
   1974.74976       19.8837891    
   1975.49976       18.5991211    
   1976.24963       17.3139648    
   1976.99976       16.0278320    
   1977.74976       14.7402344    
   1978.49976       13.4516602    
   1979.24976       12.1625977    
   1979.99976       10.8720703    
   1980.74976       9.58056641    
   1981.49976       8.28857422    
   1982.24988       6.99511719    
   1982.99976       5.70117188    
   1983.74976       4.40600586    
   1984.49976       3.10961914    
   1985.24976       1.81225586    
   1985.99976      0.514404297    
   1986.74976     -0.784912109    
