          24  0.579999983    
          24  0.579999983    
          72  0.638999999    
          73  0.697000027    
          98  0.588000000    
         122  0.717000008    
         147  0.764999986    
         171  0.644999981    
         196  0.880999982    
         220  0.601000011    
         245  0.898999989    
         269  0.442000002    
         294  0.814000010    
         318  0.319999993    
         344  0.708999991    
         367  0.144999996    
         393  0.513999999    
         415  -2.09999997E-02
         442  0.338999987    
         456 -0.120999999    
         491  0.187000006    
         504 -0.114000000    
         541  -7.00000003E-02
         552 -0.166999996    
         595 -0.180999994    
         609 -0.150000006    
         647  -9.79999974E-02
         648 -0.112000003    
         693  0.128999993    
         696   9.99999978E-03
         743  0.250999987    
         744  0.229000002    
         792  0.407000005    
         792  0.407000005    
         818  0.455000013    
         841  0.485000014    
         866  0.647000015    
         890  0.535000026    
         915  0.875000000    
         939  0.569000006    
         965   1.06299996    
         988  0.566999972    
        1014   1.15499997    
        1038  0.532000005    
        1063   1.11199999    
        1087  0.397000015    
        1113   1.01400006    
        1136  0.208000004    
        1163  0.824999988    
        1176   7.99999982E-02
        1213  0.629999995    
        1224   6.59999996E-02
        1263  0.488000005    
        1272   7.29999989E-02
        1314  0.375999987    
        1320   9.20000002E-02
        1365  0.342000008    
        1390  0.101999998    
        1415  0.335000008    
        1440  0.330000013    
        1464  0.360000014    
        1488  0.388000011    
        1490  0.550999999    
        1513  0.307000011    
        1539  0.713000000    
        1562  0.321999997    
        1588  0.795000017    
        1611  0.254000008    
        1637  0.816999972    
        1660  0.197999999    
        1686  0.782000005    
        1709 -0.284999996    
        1736  0.354999989    
        1752 -0.342000008    
        1784  0.250000000    
        1800 -0.360000014    
        1833  0.123999998    
        1848 -0.352999985    
        1882   2.30000000E-02
        1912 -0.352999985    
        1931 -0.149000004    
        1944 -0.335999995    
        1982 -0.381000012    
        1992 -0.432000011    
        2034 -0.449999988    
        2040 -0.479000002    
        2084 -0.476999998    
        2088 -0.504999995    
        2134 -0.526000023    
        2160 -0.500999987    
        2183 -0.467999995    
        2208  -5.20000011E-02
        2208  -5.20000011E-02
        2256   5.90000004E-02
        2258  0.223000005    
        2304  -1.99999996E-02
        2307  0.537000000    
        2330   1.00000005E-03
        2357  0.680999994    
        2379   1.30000003E-02
        2406  0.833000004    
        2429   5.70000000E-02
        2455  0.885999978    
        2479  -2.80000009E-02
        2505  0.796999991    
        2528 -0.151999995    
        2555  0.616999984    
        2568 -0.229000002    
        2604  0.382999986    
        2616 -0.238999993    
        2654  0.169000000    
        2664 -0.238999993    
        2704  -8.50000009E-02
        2712 -0.233999997    
        2736 -0.349999994    
        2760 -0.391000003    
        2806 -0.416000009    
        2832 -0.101999998    
        2832 -0.101999998    
        2880  -2.89999992E-02
        2882   6.89999983E-02
        2928  -9.09999982E-02
        2931  0.191000000    
        2952 -0.291999996    
        2980  0.268000007    
        3003 -0.296000004    
        3029  0.337000012    
        3048 -0.280999988    
        3078  0.375999987    
        3096 -0.280999988    
        3127  0.375000000    
        3144 -0.312999994    
        3176  0.319000006    
        3192 -0.345999986    
        3225  0.310999990    
        3240 -0.356000006    
        3274  0.172000006    
        3288 -0.303000003    
        3323   7.10000023E-02
        3336 -0.247999996    
        3371  -5.79999983E-02
        3384 -0.259000003    
        3422 -0.308999985    
        3432 -0.391000003    
        3473 -0.433999985    
        3480 -0.474999994    
        3524 -0.492000014    
        3528 -0.512000024    
        3553 -0.514999986    
        3599   9.99999978E-03
        3600  -1.00000005E-03
        3648  0.289000005    
        3649  0.391999990    
        3696  0.229000002    
        3699  0.635999978    
        3721   6.70000017E-02
        3748  0.908999979    
        3771  0.179000005    
        3798   1.04299998    
        3821  0.224999994    
        3847   1.09899998    
        3871  0.230000004    
        3896   1.01900005    
        3920  0.184000000    
        3946  0.873000026    
        3970   6.80000037E-02
        3996  0.579999983    
        4008  -9.30000022E-02
        4045  0.282000005    
        4056  -8.79999995E-02
        4093  -4.50000018E-02
        4104 -0.175999999    
        4128 -0.263000011    
        4152 -0.280000001    
        4176 -0.300999999    
        4224  -5.60000017E-02
        4224  -5.60000017E-02
        4272   3.40000018E-02
        4274  0.114000000    
        4320  -2.09999997E-02
        4323  0.228000000    
        4344 -0.194000006    
        4372  0.352999985    
        4392 -0.116999999    
        4421  0.416000009    
        4440 -0.119999997    
        4470  0.425000012    
        4488 -0.128000006    
        4519  0.492000014    
        4536 -0.149000004    
        4567  0.428999990    
        4584 -0.125499994    
        4616  0.422500014    
        4640 -0.101999998    
        4665  0.412499994    
        4680  -9.74999964E-02
        4714  0.291000009    
        4728  -9.79999974E-02
        4763  0.170499995    
        4776 -0.102499999    
        4811   5.70000000E-02
        4824 -0.162499994    
        4861 -0.106500000    
        4872 -0.271499991    
        4919 -0.282999992    
        4920 -0.284000009    
        4944 -0.296999991    
        4991   2.40000002E-02
        4992  -1.85000002E-02
        5040  0.250499994    
        5041  0.335500002    
        5088  0.265500009    
        5091  0.668500006    
        5136   8.60000029E-02
        5140  0.888000011    
        5163  0.244000003    
        5189   1.07700002    
        5213  0.384000003    
        5239   1.08599997    
        5263  0.448000014    
        5288   1.04799998    
        5312  0.431499988    
        5337  0.817499995    
        5362  0.300999999    
        5387  0.524500012    
        5411   8.64999965E-02
        5436  0.194999993    
        5448  -8.85000005E-02
        5485 -0.162499994    
        5496 -0.195999995    
        5520 -0.241999999    
        5544 -0.273999989    
        5589 -0.294999987    
        5592 -0.296999991    
        5639 -0.172000006    
        5664  -2.54999995E-02
        5665  0.115999997    
        5712  -6.70000017E-02
        5715  0.224000007    
        5760  -5.70000000E-02
        5764  0.384999990    
        5784  -3.70000005E-02
        5813  0.479499996    
        5832  -8.00000038E-03
        5861  0.499000013    
        5884   5.00000007E-02
        5910  0.583999991    
        5933  0.150500000    
        5959  0.571500003    
        5982  0.239999995    
        6007  0.574500024    
        6031  0.287000000    
        6056  0.601499975    
        6080  0.289499998    
        6105  0.471500009    
        6129  0.224999994    
        6154  0.332500011    
        6179  0.172999993    
        6202  0.194499999    
        6216  -1.75000001E-02
        6240 -0.104500003    
        6264 -0.155499995    
        6288 -0.216999993    
        6333 -0.224500000    
        6336 -0.227500007    
        6382  0.120999999    
        6384   2.60000005E-02
        6432  0.394499987    
        6433  0.405999988    
        6480  0.454499990    
        6482  0.693499982    
        6528  0.280000001    
        6531  0.906000018    
        6555  0.443500012    
        6581   1.05299997    
        6605  0.699000001    
        6630   1.09099996    
        6654  0.720000029    
        6679  0.930000007    
        6704  0.730000019    
        6728  0.699999988    
        6753  0.589999974    
        6777  0.449999988    
        6803  0.379999995    
        6826  0.170000002    
        6852   9.00000036E-02
        6864  -7.99999982E-02
        6888 -0.150000006    
        6912 -0.219999999    
        6936 -0.270000011    
        6960 -0.280000001    
        6984 -0.289999992    
        7008 -0.289999992    
        7056 -0.300000012    
        7058 -0.280000001    
        7104  -5.00000007E-02
        7105   5.99999987E-02
        7152   5.00000007E-02
        7154  0.200000003    
        7176 -0.109999999    
        7203  0.280000001    
        7227   2.99999993E-02
        7252  0.419999987    
        7276  0.189999998    
        7301  0.430000007    
        7325  0.289999992    
        7350  0.449999988    
        7374  0.370000005    
        7398  0.389999986    
        7423  0.479999989    
        7447  0.430000007    
        7472  0.479999989    
        7496  0.349999994    
        7521  0.449999988    
        7545  0.230000004    
        7571  0.360000014    
        7593   5.00000007E-02
        7620  0.200000003    
        7632  -7.99999982E-02
        7656 -0.170000002    
