Esashi Earth Tide Station      ATM.PRESSURE (AT OP3/OP1)                        
    39.148   141.335     393.0   980.122                                        
 1992   12    1  0.0                                                            
 2160  1.0   9000.D0                                                            
(6F10.2)                                                                        
     63.95     63.21   9999.99     60.80     59.64     58.80    921201
     58.38     58.06     57.86     57.65     57.12     56.59
     55.86     55.55     55.65     54.81     54.18     53.87
     53.76     53.24     53.34     53.87     54.18     54.91
     55.44     55.96     55.76     55.65     55.34     55.65    921202
     56.28     57.23     58.70     59.64     59.96     60.27
     60.90     61.74     62.37     63.11     63.21     64.16
     64.26     64.68     65.20     65.73     65.84     66.36
     66.67     66.67     66.05     65.63     65.42     65.42    921203
     65.84     65.94     66.05     66.15     66.15     66.05
     66.15     66.05     65.84     65.63     65.73     65.94
     65.73     65.63     65.94     66.47     67.09     67.52
     67.83     68.25     67.83     67.62   9999.99   9999.99    921204
   9999.99   9999.99     69.09     69.51     69.93     70.04
     70.45     70.98     71.50     71.61     71.61     71.92
     71.82     71.72     71.92     72.55     73.19     73.81
     74.13     74.03     73.61     72.87     72.55     72.55    921205
     72.87     73.61     74.23     74.45     74.66     74.97
     74.76     74.66     74.76     74.66     74.76     74.66
     74.23     74.13     74.34     74.55     74.66     74.66
     74.86     74.76     74.03     73.29     72.98     72.55    921206
     72.35     72.35     72.24     71.82     72.03     71.61
     71.40     71.40     70.98     70.25     69.72     69.41
     68.98     68.04     67.41     67.52     66.99     66.78
     66.26     65.52     64.79     63.42     62.27     61.95    921207
     61.21     60.48     60.90     59.96     59.43     58.80
     58.17     57.12     55.96     54.71     53.55     52.40
     51.24     49.35     47.67     47.15     45.05     45.05
     44.94     44.31     43.79     42.11     41.69     42.42    921208
     44.10     44.84     45.89     46.62     47.77     48.09
     49.35     49.87     50.82     50.93     51.66     52.92
     52.40     53.13     53.66     54.60     55.65     56.70
     57.33     57.33     57.33     57.02     56.70     57.02    921209
     57.33     57.86     58.06     58.28     58.28     58.59
     58.49     58.38     57.65     57.02     56.91     56.81
     56.59     55.96     55.76     55.65     55.96     55.76
     55.44     54.81     53.87     52.40     50.93     49.66    921210
     48.83     47.88     46.83     46.09     45.36     44.41
     43.26     42.31     41.27     39.59     37.70     36.86
     35.59     35.07     35.18     35.39     34.55     34.44
     34.55     33.91     32.66     33.29     33.71     35.18    921211
     36.75     38.96     40.32     41.27     41.69     42.21
     42.21     42.11     42.74     43.58     43.79     44.73
     45.26     45.89     46.31     47.25     47.99     48.51
     49.56     49.98     50.09     49.66     48.83     50.40    921212
     51.14     51.56     51.87     52.19     52.08     52.40
     52.50     52.29     52.29     51.77     51.77     51.66
     51.56     51.34     50.82     51.34     51.77     51.24
     50.71     49.56     47.88     46.41     45.15     43.89    921213
     42.84     40.32     39.16     38.96     38.33     38.43
     37.80     37.17     36.12     36.02     34.96     36.75
     37.80     40.01     40.95     42.31     43.37     44.84
     45.57     45.99     45.46     45.26     45.57     46.09    921214
     46.52     47.04     47.25     47.77     47.99     47.88
     47.67     48.09     47.99     47.99     47.56     47.88
     47.77     48.62     49.35     50.19     50.82     51.66
     52.61     53.34     53.34     53.13     53.34     53.55    921215
     53.97     54.60     54.91     55.23     55.86     56.39
     56.81     57.02     56.70     56.18     56.28     56.59
     56.28     56.18     56.49     56.81     57.23     57.33
     57.96     57.96     57.23     56.70     56.49     56.39    921216
     56.49     56.70     56.81     56.91     56.70     56.70
     56.70     56.81     56.70     55.96     55.76     55.86
     55.55     55.13     54.81     55.34     55.55     55.76
     55.96     55.55     54.71     53.97     53.45     53.55    921217
     53.87     54.08     54.18     54.39     54.49     54.39
     54.29     54.29     53.87     53.34     53.45     53.66
     53.24     52.92     52.92     53.03     53.24     53.66
     53.45     52.92     51.56     51.03     50.51     50.93    921218
     51.66     52.08     53.03     53.76     54.60     55.23
     56.28     57.44     58.06     58.49     58.91     59.43
     59.96     60.48     60.90     61.64     62.37     63.31
     64.26     64.36     63.95     63.84     63.74     63.84    921219
     64.05     64.58     64.68     65.00     65.00     64.79
     64.58     64.26     63.84     63.53     62.69     62.58
     62.16     61.64     61.01     60.69     59.85     60.16
     60.06     60.16     58.49     57.86     56.91     57.02    921220
     57.02     57.12     57.33     57.75     57.75     57.54
     57.23     57.23     57.23     57.02     57.33     58.06
     58.17     58.17     58.17     58.70     58.91     59.54
     59.75     59.54     58.59     57.86     57.44   9999.99    921221
     57.12     57.54     57.86     57.33     57.54     57.02
     56.91     56.91     56.07     55.23     54.60     54.49
     53.87     53.03     52.50     52.40     52.19     52.08
     52.29     51.98     50.82     50.19     50.61     51.14    921222
     51.56     52.19     52.50     52.50     52.40     52.19
     51.98     51.34     50.71     50.30     49.87     49.77
     49.14     48.41     47.04     46.52     45.46     44.73
     44.52     43.26     42.74     41.37     40.74     40.11    921223
     40.53     40.74     40.74     41.27     41.90     42.31
     43.16     42.42     42.21     41.69     41.27     41.58
     41.90     41.69     41.48     41.90     41.90     42.42
     42.63     42.84     41.79   9999.99   9999.99     41.90    921224
     43.05     43.68     43.99     44.21     44.52     45.99
     46.94     47.56     48.51     49.14     49.66     50.61
     50.93     51.14     51.45     52.29     53.03     53.66
     54.81     55.13     54.91     54.91     55.13     55.86    921225
     56.70     57.33     57.96     58.49     58.80     58.70
     58.38     58.28     57.65     57.65     58.06     58.17
     58.28     58.06     58.06     58.49     59.01     59.43
     59.96     59.96     59.22     58.80     58.49     58.38    921226
     58.59     58.59     58.70     58.17     58.06     57.75
     57.86     57.33     56.59     55.65     55.96     54.71
     54.18     53.97     54.18     54.18     54.29     54.60
     54.39     54.29     53.34     52.40     51.77     51.56    921227
     51.98     51.66     51.77     51.66     51.34     51.24
     50.71     50.40     50.19     49.46     49.04     49.04
     48.41     48.30     48.30     48.62     48.72     49.04
     49.56     49.87     49.04     48.51     47.67     48.20    921228
     48.93     49.46     50.09     50.61     50.71     50.30
     50.51     50.40     50.30     50.09     50.40     50.61
     51.34     51.77     51.66     52.61     52.92     53.55
     54.18     54.71     54.39     53.55     53.45     53.66    921229
     54.29     55.13     55.76     56.39     56.91     57.33
     57.65     57.86     57.86     57.54     57.54     57.96
     57.65     57.12     56.81     57.33     56.70     57.02
     56.81     57.02     55.55     54.49     53.76     53.66    921230
     53.13     53.03     53.55     53.76     53.34     53.13
     53.34     53.45     53.55     53.34     53.13     53.34
     53.76     53.97     54.60     54.91     54.81     55.13
     55.76     55.86     55.44     54.71     54.71     55.34    921231
     55.96     56.70     57.44     57.75     58.59     58.59
     59.01     59.01     59.12     59.22     59.22     59.75
     59.85     60.16     60.90     61.74     62.48     63.31
     63.95     64.16     64.05     63.74     63.53     63.95    930101
     64.16     64.68     65.10     65.52     65.63     65.63
     65.52     65.52     65.63     65.31     65.42     65.00
     64.79     64.05     63.42     62.79     63.21     63.00
     62.79     62.48     61.21     60.06     58.80     58.38    930102
     58.06     57.65     57.65     58.06     57.23     57.12
     57.44     57.12     56.91     56.70     56.49     56.59
     56.18     55.86     55.76     55.65     55.55     55.55
     55.44     54.91   9999.99     52.19     51.56     51.34    930103
     51.03     51.03     51.77     51.87     52.40     51.87
     51.98     52.29     52.40     51.87     52.50     53.24
     53.76     54.08     55.55     56.49     56.91     58.49
     59.43     59.43     60.27     59.85     60.16     60.38    930104
     60.59     60.69     60.80     60.80     60.90     60.69
     60.27     60.16     60.06     59.22     58.38     58.06
     57.12     56.28     56.28     56.59     56.70     56.81
     57.12     57.12     55.96     55.44     55.55     56.28    930105
     57.12     58.59     59.43     60.16     61.11     62.06
     62.79     63.53     63.84     63.95     64.68     65.31
     65.42     64.36     64.36     65.20     65.94     66.89
     68.25     67.73     68.36     68.04     67.83     67.62    930106
     67.41     67.73     68.25     68.88     69.09     68.78
     68.56     68.56     68.15     67.41     66.78     66.47
     65.52     64.79     64.05     63.84     63.42     62.48
     62.48     61.53     60.16     58.49     57.23     55.86    930107
     55.76     55.55     55.34     54.91     54.60     52.81
     52.71     51.98     51.66     51.03     49.87     50.30
     50.82     51.87     52.81     53.76     54.71     55.86
     56.59     56.70     56.81     56.39     56.39     57.65    930108
     59.22     59.96     60.38     61.53     62.06     62.79
     63.84     64.58     64.16     64.89     65.00     65.52
     65.63     65.63     65.73     66.47     67.09     67.09
     67.09     67.41     65.73     64.58     63.84     63.11    930109
     63.95     63.74     63.53     62.90   9999.99   9999.99
   9999.99   9999.99   9999.99   9999.99   9999.99   9999.99
   9999.99   9999.99   9999.99   9999.99   9999.99   9999.99
   9999.99   9999.99   9999.99   9999.99   9999.99   9999.99    930110
   9999.99   9999.99     50.61     51.45     52.08     52.40
     52.50     52.71     52.61     52.61     52.71     53.03
     53.34     53.55     53.97     54.18     54.71     55.02
     55.44     55.86     55.44   9999.99   9999.99     54.60    930111
     54.81     55.55     55.65     56.28     56.18     56.49
     56.81     56.70     56.49     56.39     56.39     56.81
     56.81     56.81     57.44     57.75     58.06     58.49
     59.12     59.64     59.64     59.54     59.22     59.22    930112
     60.06     60.27     61.01     61.21     61.32     61.64
     61.64     62.06     61.74     61.53     61.53     61.74
     61.32     61.32     61.21     61.32     61.43     61.84
     62.37     62.48     61.43     60.38     59.96     60.16    930113
     60.48     60.48     61.32     61.11     61.32     61.43
     61.11     61.01     60.48     59.85     59.54     59.64
     58.91     58.49     58.49     58.70     58.91     59.12
     59.33     58.91     57.75     56.28     56.07     56.18    930114
     56.39     56.39     57.23     56.91     57.23   9999.99
   9999.99     58.17     57.54     57.12     56.39     56.28
     56.59     56.59     57.23     57.33     57.96     58.70
     58.70     59.01     59.01     57.65     57.23     57.02    930115
     57.54     57.65     57.54     58.06     57.96     57.86
   9999.99     56.81     55.76     54.91     54.71     55.02
     54.29     53.76     53.87     53.55     53.87     53.34
     53.45     52.71     51.66     50.61     49.46   9999.99    930116
   9999.99   9999.99   9999.99     48.51     48.30     48.09
     47.77     47.46     47.15     46.52     45.99     45.68
     46.52     45.68     46.31     47.25     47.25     47.77
     48.20     49.04     48.72     47.99     47.56     47.88    930117
     48.62     49.87     50.61     51.66     52.71     52.92
     53.87     53.97     54.71     55.34     56.39     57.33
     57.44     57.54     57.86     58.70     58.38     58.38
     58.70     58.70     57.96     56.91     55.65     55.13    930118
     54.91     55.23     55.02     54.81     54.49     54.39
     53.76     52.92     52.19     50.82     50.30     50.19
     49.56     49.46     48.93     48.72     48.83     49.24
     49.77     50.19     50.09     48.93     48.93     49.04    930119
     49.46     50.09     50.61     51.03     51.34     51.14
     51.56     51.66     51.34     51.24     50.93     51.03
     50.61     50.09     49.66     49.87     49.77     49.98
     49.77     49.66     48.93     48.20     47.67     47.67    930120
     48.41     48.30     48.20     48.30     48.30     48.30
     48.20     47.88     47.77     47.46     47.77     48.41
     48.51     48.83     48.72     49.24     50.71     51.77
     52.19     52.71     52.81   9999.99   9999.99     52.40    930121
     53.45     53.97     54.49     55.23     55.55     55.96
     56.49     56.91     56.81     56.70     56.81     57.23
     57.12     57.44     57.65     58.38     59.33     59.96
     60.38     60.80     60.69     60.16     59.85     59.96    930122
     60.59     61.01     61.53     62.27     62.58     63.00
     63.00     63.42     63.63     63.63     63.42     63.74
     63.11     63.11     63.21     63.63     63.53     64.16
     64.89     64.05     63.74     62.69     62.27     62.27    930123
     62.27     62.58     62.79     63.31     63.63     63.42
     63.21     62.58     62.48     62.37     61.84     62.48
     62.37     62.16     62.06     62.48     62.79     62.79
     63.00     63.31     63.00     62.27     62.27     61.84    930124
     62.27     62.79     62.90     63.31     63.53     63.53
     63.84     63.63     63.63     63.53     63.00     62.90
     62.58     62.06     62.27     62.06     62.06     61.95
     61.74     61.53     60.90     60.06     59.22     59.12    930125
     59.43     59.43     59.43     58.91     59.33     59.22
     58.91     58.70     58.06     57.44     57.12     57.02
     56.70     56.07     55.55     55.65     55.76     55.65
     55.76     55.76     54.71     53.66     52.92     52.71    930126
     53.03     53.03     53.34     53.76     54.18     54.18
     53.87     54.08     54.08     53.34     52.92     52.81
     51.77     51.77     51.98     52.19     52.19     52.50
     51.87     51.56     50.40     49.66     48.83     48.41    930127
     48.62     48.72     48.20     48.20     47.67     47.04
     45.57     45.15     44.63     43.16     42.52     42.00
     40.32     39.59     39.16     39.06     37.27     36.75
     36.33     34.44     32.76     32.02     32.13     32.45    930128
     33.08     33.71     34.23     33.71     33.81     33.91
     33.71     33.29     32.45     31.61     31.92     32.13
     32.13     32.66     33.39     34.12     34.02     34.65
     35.70     36.75     37.59     37.91     38.01     39.69    930129
     40.74     42.00     43.05     44.31     45.78     46.62
     47.04     47.04     47.46     47.36     47.15     48.09
     47.77     47.25     47.56     48.30     48.41     48.62
     48.72     48.62     47.77     47.04     46.41     46.31    930130
     46.73     46.94     47.25     47.36     47.67     47.77
     47.88     47.56     47.56     47.67     48.41     48.41
     48.83     49.46     49.46     49.46     49.56     49.98
     50.40     50.71     49.98     48.93     48.62     49.14    930131
     49.35     49.46     49.66     49.66     49.66     49.35
     49.04     48.83     48.20     47.77     47.15     46.83
     45.89     45.36     44.73     44.41     44.41     44.52
     44.10     43.79     43.05     42.21     42.00     42.00    930201
     42.52     42.84     43.16     43.47     43.58     43.47
     43.68     43.47     43.47     43.16     42.95     43.16
     43.37     43.58     44.10     45.26     46.52     47.67
     48.51     49.35     49.87     50.19     50.30     50.93    930202
     51.77   9999.99     53.66     54.81     56.07     56.70
     57.33     57.33     57.65     57.75     58.17     58.38
     58.17     58.70     58.49     58.49     58.80     59.33
     59.33     59.33     58.28     57.33     56.18     55.44    930203
     55.44     55.13     54.71     54.49     53.97     53.45
     53.45     53.45     53.13     52.19     51.66     51.34
     50.19     49.87     49.77     49.66     49.98     50.30
     50.82   9999.99   9999.99   9999.99   9999.99   9999.99    930204
   9999.99     49.46     50.19     51.66     52.92     53.66
     54.39     54.39     54.71     55.23     55.96     56.18
     56.07     56.28     56.07     56.39     57.12     57.12
     57.65     57.54     56.81     55.65     54.60     53.55    930205
     52.61     52.50     52.40     52.08     51.56     50.40
     49.87     48.72     48.09     47.88     48.09     48.20
     47.77     47.46     47.04     46.83     46.09     46.09
     45.89   9999.99     44.73     44.10     43.37     42.11    930206
     41.69     41.48     41.58     41.27     40.95     40.64
     40.74     40.53     40.53     40.01     39.59     39.27
     37.91     37.27     36.23     35.39     35.49     35.18
     34.23     33.81     32.45     31.08     31.08     31.08    930207
     31.92     33.18     32.97     33.08     32.97     32.87
     34.12     34.02     34.02     34.02     34.55     34.86
     34.76     34.76     34.76     35.39     36.54     37.70
     39.69     40.43     41.05     42.31     43.05     44.31    930208
     45.46     46.20     47.15     48.62     49.35     50.19
     50.51     50.61     50.51     50.82     50.93     51.03
     50.93     50.93     51.14     51.45     50.93     51.24
     51.34     51.34     51.14     50.71     49.98     49.87    930209
     50.19     50.40     50.82     51.34     51.56     51.34
     51.56     51.98     52.08     51.87     52.19     52.71
     52.81     53.34     53.45     54.29     54.81     55.02
     55.44     55.65     55.34     54.60     54.08     54.08    930210
     54.49     54.81     55.02     55.65     55.76     55.76
     55.96     55.86     55.55     55.34     55.34     55.55
     55.23     55.34     55.13     55.13     55.34     54.81
     54.39     53.87     53.55     51.98     50.82     49.98    930211
     49.14     49.04     48.62     48.09     47.67     46.83
     45.78     45.46     44.73     43.68     43.37     43.58
     43.89     45.05     45.36     45.78     46.94     47.99
     48.20     48.62     48.41     48.20     47.88     48.20    930212
     49.24     49.66     50.71     51.14     50.93     50.30
     49.46     48.93     48.41     49.35     49.98     50.61
     51.24     51.98     52.71     53.34     53.87     54.81
     54.91     55.23     55.44     55.44     55.34     55.34    930213
     55.13     55.02     55.34     55.55     55.23     53.34
     52.08     49.87     48.41     49.46     49.04     47.46
     46.41     45.99     45.68     45.15     48.09     50.71
     51.66     52.29     52.40     53.03     53.55     54.08    930214
     54.60     55.44     56.81     57.75     58.49     59.01
     59.01     58.70     58.49     58.17     57.75     57.96
     57.96     57.44     57.33     57.33     57.96     57.96
     57.44     55.96     55.23     53.24     51.77     51.03    930215
     52.29     52.19     52.92     53.45     53.87     54.49
   9999.99   9999.99   9999.99   9999.99   9999.99   9999.99
   9999.99   9999.99   9999.99   9999.99   9999.99   9999.99
   9999.99     60.59     60.80     60.48     59.96     60.59    930216
     61.21     61.53     61.21     61.95     62.06     61.53
     61.64     61.01     60.59     59.85     60.06     59.85
     58.59     57.23     56.70     55.96     55.02     54.18
     52.40     51.03     49.04     46.73     45.46     43.79    930217
     42.42     42.21     40.53     41.69     41.79     41.90
     42.63     43.16     44.21     45.68     46.41     47.77
     48.30     49.35     50.51     51.24     52.40     53.66
     54.18     54.49     55.13     55.02     54.91     54.60    930218
     54.91     55.13     55.55     56.07     56.39     56.59
     56.70     56.49     56.18     55.96     55.76     55.55
     55.65     55.44     55.65     55.96     56.39     56.28
     56.39     56.49     56.59     55.86     55.13     54.91    930219
     55.34     55.23     55.55     55.65     55.86     56.39
     56.59     56.81     57.02     57.44     58.06     58.59
     58.80     59.43     60.38     61.01     61.74     62.16
     62.37     62.48     62.27     61.53     61.21     61.32    930220
     61.64     61.84     62.06     62.27     62.16     61.95
     61.74     61.74     61.53     61.32     60.90     60.06
     59.33     59.12     59.33     59.22     59.12     59.33
     59.01     58.91     57.54     56.49     55.23     54.49    930221
     54.18     53.45     52.92     51.98     51.03     50.82
     49.56     47.56     46.52     44.94     43.16     41.37
     39.16     36.86     36.23     35.28     34.96     35.07
     34.76     35.07     35.49     35.18     35.28     35.59    930222
     35.91     36.86     37.38     37.91     38.33     38.54
     38.96     38.74     38.64     38.43     37.59     36.02
     35.70     35.18     35.18     35.28     35.80     35.59
     34.55     33.81     33.39     32.34     31.29     30.14    930223
     28.98     28.25     29.29     30.24     30.45     31.19
     32.45     33.60     34.34     35.49     36.02     36.54
     36.86     37.49     38.33     39.16     39.80     40.43
     40.84     41.79     42.00     41.90     42.11     42.42    930224
     43.47     44.21     44.94     45.78     46.41     47.04
     47.56     47.88     48.09     48.20     48.51     49.04
     49.24     49.56     49.87     50.40     51.34     51.77
     52.08     52.19     52.29     52.08     51.77     51.87    930225
     52.40     53.03     53.76     54.39     54.71     55.02
     55.44     55.13     55.23     55.13     54.71     54.71
     54.60     54.81     54.91     55.34     55.65     56.49
     56.39     56.18     56.49     56.28     55.86     55.96    930226
     56.81     57.54     57.96     58.70     59.01     59.01
     59.22     59.22     59.33     59.22     59.12     59.12
     59.22     59.54     59.75     60.27     60.38     60.06
     59.96     59.85     58.80     58.17     57.75     56.81    930227
     56.81     56.49     56.28     56.39     55.96     55.96
     55.44     54.60     53.34     52.92     52.61     52.29
     51.66     50.71     50.09     49.46     48.62     48.09
     47.46     45.68     44.41     43.26     41.79     40.95    930228
     39.59     39.90     40.21     40.11     40.43     41.16
     41.37     40.95     41.16     41.37     40.84     41.58
     41.37   9999.99   9999.99   9999.99   9999.99   9999.99
