Esashi Earth Tide Station   ESASHI, EXTENSOMETER NS (FREE END)                  
    39.148   141.335     393.0   980.122                                        
 1992   12    1  0.0                                                            
 2160  1.0   9000.D0                                                            
(6F10.2)                                                                        
     -8.91    -10.23   9999.99     -9.79     -8.62     -6.87    921201
     -5.99     -4.53     -4.38     -5.84     -7.45     -9.93
    -12.13    -13.73    -14.32    -12.86    -11.10     -9.06
     -7.31     -5.84     -5.84     -7.31     -9.06    -11.83
    -14.32    -16.66    -17.39    -17.53    -16.07    -14.46    921202
    -11.54     -8.62     -5.99     -4.09     -3.36     -4.53
     -6.43     -8.47     -9.50     -9.93     -9.06     -7.89
     -4.68     -2.19     -0.15      1.17      1.17     -0.29
     -2.19     -4.68     -7.16     -8.91     -9.35     -8.04    921203
     -5.41     -1.61      1.90      4.68      6.43      6.28
      4.09      1.31     -2.34     -5.70     -7.74     -8.47
     -7.31     -4.97     -2.48     -0.15      2.05      2.34
      1.17     -2.48     -4.82     -8.04   9999.99   9999.99    921204
   9999.99   9999.99      1.31      6.28      9.93     11.69
     10.81      7.74      3.65     -0.88     -4.68     -6.87
     -6.57     -5.26     -2.34      1.17      4.68      7.01
      7.31      5.70      2.19     -2.05     -5.84     -7.45    921205
     -7.01     -3.21      2.34      8.47     14.32     17.82
     18.70     16.95     12.13      6.28      0.15     -4.38
     -6.87     -7.16     -4.82     -0.58      4.24      7.89
      9.35      8.47      5.99      1.31     -3.65     -7.31    921206
     -8.18     -5.99     -1.31      5.41     11.98     17.82
     20.89     19.87     16.07      9.79      1.31     -6.28
    -11.25    -13.59    -12.56     -9.64     -4.24      0.73
      4.38      4.82      2.63     -2.05     -8.04    -14.46    921207
    -17.24    -17.53    -14.61     -7.60     -0.58      7.01
     11.98     13.59     10.52      4.24     -4.68    -14.46
    -22.94    -28.49    -31.27    -30.53    -25.71    -22.65
    -18.26    -15.49    -16.22    -18.99    -25.71    -32.87    921208
    -37.55    -37.99    -35.65    -28.93    -20.16    -10.08
     -1.61      4.82      5.55      2.48     -4.53    -14.32
    -21.77    -28.93    -32.14    -31.12    -26.74    -20.02
    -12.27     -7.01     -4.53     -5.84    -10.37    -16.80    921209
    -22.65    -26.01    -25.71    -21.77    -14.17     -4.24
      5.55     13.30     17.24     16.07      9.93      0.88
     -9.06    -18.41    -25.28    -27.61    -25.86    -20.45
    -13.44     -7.31     -3.65     -3.65     -7.16    -13.59    921210
    -21.18    -27.76    -30.83    -30.24    -26.01    -18.55
     -8.91     -0.73      5.11      6.87      3.80     -4.82
    -15.05    -26.15    -35.06    -40.91    -41.05    -38.72
    -33.60    -26.74    -21.04    -20.16    -20.60    -24.98    921211
    -29.80    -35.36    -39.15    -39.74    -36.38    -29.80
    -20.16    -10.08     -1.75      3.80      5.70      1.75
     -5.26    -13.88    -22.79    -29.66    -32.43    -31.41
    -27.32    -20.75    -13.59     -8.62     -6.87    -10.52    921212
    -10.96    -18.55    -24.25    -27.91    -28.05    -24.84
    -18.41     -9.50     -0.73      6.57      9.93      9.50
      5.11     -2.19    -10.67    -19.43    -25.42    -27.47
    -25.86    -21.92    -16.66    -11.83     -9.20     -9.20    921213
    -12.13    -16.36    -23.67    -30.83    -34.48    -35.21
    -32.29    -26.88    -19.87    -13.30     -7.60     -7.45
     -7.31    -12.27    -17.39    -24.69    -30.97    -34.92
    -35.50    -32.73    -27.47    -22.06    -17.39    -14.46    921214
    -13.59    -14.76    -18.12    -22.94    -26.88    -29.22
    -29.07    -26.59    -21.18    -15.19     -9.20     -5.26
     -3.36     -4.97     -9.20    -14.76    -20.31    -25.57
    -28.34    -28.20    -25.13    -20.75    -16.22    -11.83    921215
     -8.62     -7.60     -8.18    -10.81    -14.76    -18.26
    -20.16    -20.31    -18.12    -15.05    -10.81     -6.28
     -2.34     -0.73     -2.05     -4.97     -9.35    -14.17
    -18.26    -20.31    -20.31    -18.85    -15.49    -11.10    921216
     -6.72     -3.51     -2.05     -2.48     -4.82     -8.47
    -12.42    -16.51    -17.82    -17.39    -16.36    -13.44
     -9.35     -6.43     -4.97     -5.84     -7.45    -10.67
    -14.76    -17.97    -20.75    -22.06    -20.60    -17.68    921217
    -13.30     -8.47     -4.38     -2.19     -1.90     -3.94
     -7.45    -11.69    -15.63    -18.70    -20.45    -20.02
    -17.53    -14.61    -11.98    -10.08     -9.64    -10.81
    -13.00    -16.51    -19.87    -23.23    -24.40    -23.52    921218
    -19.72    -14.32     -8.62     -3.21      0.15      1.17
     -0.58     -4.09     -8.18    -13.00    -16.51    -18.41
    -17.82    -15.34    -11.54     -7.74     -4.24     -2.63
     -2.48     -4.24     -7.45    -11.40    -14.03    -14.76    921219
    -12.56     -8.18     -1.90      4.53     10.23     13.44
     14.03     11.69      6.57     -0.15     -6.72    -12.86
    -15.78    -15.92    -13.88    -10.23     -5.55     -3.51
     -1.90     -3.80     -6.14    -11.69    -16.22    -19.72    921220
    -20.16    -17.68    -12.71     -5.99      2.05      7.89
     11.25     10.81      7.16      0.88     -7.31    -14.76
    -19.29    -21.77    -21.04    -17.97    -12.13     -7.45
     -3.36     -1.61     -2.48     -7.16    -12.86   9999.99    921221
    -20.60    -20.45    -16.66     -9.64     -2.34      5.84
     11.25     13.88     12.56      7.16     -1.46    -11.10
    -18.85    -24.40    -27.03    -26.01    -21.33    -16.36
    -11.69     -8.33     -7.89    -11.25    -17.39    -22.94    921222
    -27.17    -28.93    -26.74    -21.33    -13.30     -4.24
      3.65      8.62      9.79      6.43     -0.44     -9.35
    -18.12    -25.86    -29.80    -31.12    -28.20    -23.52
    -18.26    -13.73    -12.42    -13.44    -18.70    -24.84    921223
    -31.56    -35.79    -35.94    -33.46    -26.74    -17.82
     -8.77     -0.29      3.51      3.21     -1.90     -9.93
    -19.29    -27.47    -33.46    -36.23    -34.48    -30.10
    -23.96    -18.12    -13.73   9999.99   9999.99    -22.79    921224
    -28.93    -33.46    -34.77    -34.19    -29.66    -22.50
    -13.15     -4.09      2.34      4.97      3.36     -2.19
     -9.20    -17.82    -24.69    -28.93    -29.22    -25.86
    -20.16    -13.15     -7.60     -5.41     -6.72    -10.52    921225
    -15.78    -20.75    -24.69    -25.42    -22.06    -16.36
     -8.62     -0.29      7.16     11.54     11.10      7.60
      1.31     -7.60    -15.63    -21.48    -23.81    -22.21
    -17.97    -11.69     -5.55     -2.63     -2.34     -4.82    921226
     -9.50    -15.34    -20.60    -23.23    -23.08    -19.29
    -13.30     -5.84      1.61      6.87      7.60      6.87
      1.90     -5.84    -14.17    -20.75    -24.25    -25.28
    -22.35    -17.53    -11.83     -7.89     -7.01     -8.33    921227
    -11.69    -16.36    -22.06    -26.15    -27.76    -26.59
    -22.21    -16.36     -9.93     -3.80     -0.73      1.75
     -0.15     -6.28    -13.59    -20.02    -24.11    -26.01
    -25.28    -21.62    -15.78    -11.40     -8.04     -7.89    921228
     -9.35    -12.71    -16.66    -20.89    -22.94    -22.35
    -20.60    -16.22    -10.52     -5.11     -1.31      0.58
     -0.58     -3.80     -8.33    -14.46    -18.41    -21.18
    -21.04    -18.70    -14.17     -9.50     -6.28     -4.09    921229
     -3.94     -5.55     -8.47    -11.98    -14.76    -16.22
    -15.49    -12.86     -8.33     -3.51      0.29      2.78
      3.80      2.19     -2.05     -7.16    -10.96    -14.90
    -16.07    -15.49    -12.71     -9.79     -7.01     -4.68    921230
     -2.92     -3.36     -5.99     -8.62    -11.54    -14.61
    -15.92    -15.63    -13.59    -10.52     -7.45     -4.68
     -3.36     -3.51     -5.26     -7.45    -10.37    -14.03
    -16.95    -16.80    -15.78    -13.30    -10.67     -7.74    921231
     -4.68     -2.63     -1.90     -2.48     -4.38     -6.28
     -8.62     -9.20     -9.50     -8.47     -6.28     -4.38
     -2.05     -0.88     -0.88     -2.34     -3.51     -5.84
     -7.74     -8.77     -8.62     -7.45     -5.41     -2.78    930101
      1.31      4.09      6.43      7.60      7.45      5.55
      3.07      0.00     -2.48     -3.36     -3.65     -2.78
     -1.02      0.58      1.75      1.61      0.15     -1.17
     -3.51     -5.84     -7.60     -8.91     -8.91     -8.18    930102
     -5.41     -2.05      1.02      3.21      5.26      4.24
      1.46     -1.31     -5.26     -9.06    -11.40    -12.56
    -11.98    -10.81     -8.91     -7.31     -5.84     -5.99
     -7.16     -9.20   9999.99    -14.61    -16.95    -17.39    930103
    -15.19    -11.54     -7.31     -2.48      1.31      3.65
      2.48     -0.73     -4.97     -9.50    -14.76    -18.12
    -19.14    -17.68    -15.49    -11.69     -7.60     -5.55
     -4.38     -4.38     -6.87     -9.64    -12.86    -13.88    930104
    -12.27     -8.77     -3.07      3.21      9.35     13.88
     15.34     13.73      9.35      3.36     -3.51    -10.52
    -14.03    -16.07    -15.63    -12.42     -8.18     -4.68
     -2.34     -2.34     -3.80     -8.77    -13.88    -17.82    930105
    -18.70    -17.24    -11.83     -3.94      4.68     11.83
     17.24     18.85     16.66     11.54      3.51     -3.94
     -9.79    -12.27    -13.88    -11.69     -6.14     -0.58
      4.09      7.60      6.57      3.80     -1.46     -6.72    930106
    -10.23    -11.25     -8.33     -1.90      6.87     16.80
     23.96     28.05     28.34     23.52     15.34      5.26
     -3.94    -10.96    -14.46    -14.32    -10.23     -4.53
      1.02      5.11      6.14      3.21     -3.21    -10.23    930107
    -17.82    -22.21    -22.35    -18.12    -10.37      0.29
      8.62     15.19     18.12     16.51     10.23     -0.58
    -11.40    -20.89    -26.30    -27.32    -23.81    -17.97
     -9.93     -2.78      1.17      1.02     -2.92     -9.79    930108
    -16.66    -21.04    -22.50    -21.33    -14.32     -4.53
      6.43     17.09     24.84     26.15     23.96     16.22
      6.43     -3.94    -11.98    -16.66    -16.36    -11.54
     -4.09      3.51     10.81     12.71     10.23      4.53    930109
     -3.80    -10.81    -16.80    -18.70   9999.99   9999.99
   9999.99   9999.99   9999.99   9999.99   9999.99   9999.99
   9999.99   9999.99   9999.99   9999.99   9999.99   9999.99
   9999.99   9999.99   9999.99   9999.99   9999.99   9999.99    930110
   9999.99   9999.99    -23.81    -28.64    -29.37    -24.84
    -16.95     -6.87      3.80     10.81     14.46     13.00
      7.45     -0.88    -10.52    -18.99    -22.94    -24.25
    -20.45    -14.03     -6.14   9999.99   9999.99      4.82    930111
      1.61     -4.38    -11.10    -17.68    -21.33    -21.62
    -17.53    -10.37     -1.31      6.87     12.56     14.17
     12.71      7.01     -1.61     -9.20    -15.78    -18.99
    -17.97    -13.30     -6.43      0.73      6.72      9.50    930112
      8.62      5.55     -0.29     -5.84    -10.81    -13.59
    -13.00     -9.79     -2.92      3.65      9.20     12.86
     13.59     10.67      5.41     -1.17     -7.45    -11.69
    -15.05    -13.15     -9.50     -3.94      1.31      5.26    930113
      7.31      6.87      3.80     -0.73     -5.70    -10.08
    -11.98    -12.27     -9.50     -5.26     -1.02      2.63
      4.68      4.24      1.02     -3.21     -8.77    -13.15
    -15.92    -15.92    -13.59     -9.79     -5.84     -1.61    930114
      2.48      4.38      3.65      2.19     -2.19   9999.99
   9999.99    -11.98    -12.27    -11.40     -9.20     -6.87
     -4.53     -3.21     -3.21     -4.53     -7.31    -10.52
    -12.71    -14.61    -14.03    -11.83     -9.50     -4.97    930115
     -1.02      2.48      4.97      5.55      4.53      2.05
   9999.99      1.46     -0.29     -2.05     -3.21     -2.34
      0.29      1.17      2.78      3.36      2.34      0.44
     -1.90     -4.68     -6.57     -7.31     -6.87   9999.99    930116
   9999.99   9999.99   9999.99      8.62     10.23      9.64
      7.31      3.80     -0.73     -4.82     -8.62    -10.67
    -11.10     -9.20     -8.33     -7.16     -5.11     -4.68
     -5.70     -7.45     -8.91    -11.40    -12.56    -12.71    930117
    -10.67     -6.43     -0.29      4.82      9.79     13.00
     13.15     11.83      7.60      2.48     -2.78     -6.43
     -7.31     -7.16     -5.11     -2.34      2.19      4.97
      5.84      5.55      3.65      0.15     -3.51     -6.43    930118
     -7.01     -4.82      0.00      5.84     11.98     16.51
     18.99     18.55     14.90      9.20      1.31     -5.70
    -10.37    -13.44    -13.15    -10.96     -7.16     -3.21
     -0.29      1.02      0.00     -3.07     -8.47    -12.86    930119
    -15.19    -14.76    -10.96     -4.38      3.07     10.23
     15.05     17.39     16.36     11.98      5.11     -2.63
    -10.08    -14.76    -16.66    -14.90    -10.81     -5.99
     -1.02      0.88      1.31     -1.90     -7.31    -13.15    930120
    -17.82    -18.85    -16.95    -11.98     -4.38      3.94
     11.10     15.49     15.78     12.71      5.84     -2.34
     -9.93    -16.36    -19.14    -19.14    -15.78     -9.35
     -2.34      2.48      4.53   9999.99   9999.99     -8.33    930121
    -14.32    -17.24    -16.95    -13.30     -5.99      2.92
     11.69     18.99     22.79     22.06     16.95      9.35
      1.02     -6.72    -11.69    -12.86     -9.93     -4.53
      2.63      7.45     11.69     11.69      8.18      1.46    930122
     -5.11    -10.08    -12.56    -11.25     -5.55      2.78
     12.27     20.89     26.44     27.91     24.69     17.97
      9.93      1.02     -5.55     -8.62     -7.31     -3.51
      3.07     10.81     14.61     16.22     13.00      7.31    930123
      0.88     -6.14    -10.67    -11.83     -8.04     -1.02
      7.45     16.80     22.79     25.86     25.13     19.43
     12.42      3.21     -4.53     -9.20     -9.93     -6.43
     -0.58      6.28     12.56     15.92     14.76     10.96    930124
      4.38     -3.07     -8.33    -11.25    -10.23     -4.68
      2.63     11.54     18.26     23.23     23.96     20.60
     14.32      6.43     -2.05     -7.60     -9.79     -8.04
     -3.51      2.92      9.64     13.73     14.61     10.52    930125
      4.82     -1.02     -7.89    -12.13    -13.73    -10.81
     -5.11      2.19      9.64     15.63     17.53     15.92
     11.10      4.09     -3.94    -10.67    -13.88    -13.73
    -10.67     -4.68      2.34      7.31      9.35      8.04    930126
      3.80     -1.90     -8.33    -13.30    -16.07    -15.34
    -11.40     -5.99      1.17      7.74     10.81     10.81
      8.47      1.90     -4.82    -11.10    -14.90    -15.92
    -13.73     -9.64     -3.80      1.31      4.53      4.97    930127
      2.63     -1.90     -7.01    -12.86    -16.66    -18.26
    -16.22    -13.30     -8.18     -2.92     -0.29      0.58
     -0.58     -5.41    -11.54    -17.39    -21.04    -24.40
    -24.69    -21.04    -17.39    -14.61    -12.13     -9.50    930128
     -9.64    -11.69    -15.49    -19.29    -23.96    -26.59
    -26.59    -24.40    -21.33    -17.39    -14.90    -12.56
    -12.27    -14.76    -18.12    -22.21    -25.28    -28.05
    -29.07    -27.47    -23.23    -17.97    -13.59    -10.23    930129
     -7.74     -7.60     -8.77    -11.25    -14.17    -16.36
    -17.09    -16.22    -14.76    -11.98     -8.47     -6.87
     -4.38     -4.53     -6.87     -9.93    -12.13    -14.61
    -15.78    -15.49    -13.15    -10.67     -7.60     -4.38    930130
     -1.75      0.15      0.00     -1.31     -3.65     -6.43
     -9.06    -10.67    -11.83    -11.54    -10.81     -8.62
     -7.31     -7.16     -6.43     -7.31     -8.91    -11.25
    -12.86    -13.44    -12.56    -11.54    -10.08     -7.74    930131
     -4.53     -1.31      0.88      2.19      1.46     -0.15
     -3.51     -6.72     -9.35    -11.69    -13.44    -13.73
    -13.30    -12.71    -11.83    -11.83    -12.13    -12.86
    -14.32    -16.22    -17.53    -18.41    -18.85    -17.39    930201
    -14.76    -10.81     -6.72     -3.21     -0.88     -0.15
     -1.75     -4.97     -9.35    -13.15    -17.09    -19.58
    -20.45    -19.87    -17.97    -16.07    -13.44    -11.40
    -11.10    -11.83    -13.15    -14.61    -16.07    -16.66    930202
    -14.17   9999.99     -4.68      1.75      7.01     11.40
     11.98     10.96      6.72      1.61     -4.38     -9.06
    -11.25    -12.27    -10.08     -6.72     -3.07      0.15
      1.90      1.90      0.15     -4.38     -8.77    -12.27    930203
    -13.59    -11.69     -7.01     -0.88      6.43     12.13
     14.90     14.61     11.40      5.55     -2.92    -11.10
    -17.24    -20.89    -21.04    -18.26    -13.44     -8.18
     -4.38   9999.99   9999.99   9999.99   9999.99   9999.99    930204
   9999.99    -24.98    -21.48    -14.76     -5.26      4.68
     12.71     17.09     16.51     11.54      3.65     -5.26
    -13.15    -19.14    -20.60    -18.55    -13.59     -6.14
      0.15      4.53      5.55      2.19     -4.82    -12.71    930205
    -19.87    -24.84    -24.40    -19.58    -11.25     -0.44
      8.47     15.05     16.07     12.56      4.97     -4.97
    -15.63    -24.69    -29.22    -29.80    -25.57    -19.14
    -11.69   9999.99     -2.92     -4.68    -10.67    -18.55    930206
    -28.20    -35.65    -39.01    -37.26    -30.68    -20.75
    -10.08     -0.58      5.26      6.43      1.31     -7.74
    -18.70    -30.68    -38.57    -42.52    -41.49    -35.06
    -25.86    -17.97    -11.54    -10.81    -14.90    -22.35    930207
    -32.43    -41.49    -46.46    -48.36    -45.00    -37.11
    -27.03    -14.17     -4.82     -0.88     -1.75     -7.31
    -16.36    -27.32    -37.26    -42.95    -43.10    -38.13
    -30.10    -18.70     -9.64     -3.80     -2.78     -6.43    930208
    -13.59    -22.35    -30.10    -35.21    -34.48    -28.93
    -19.72     -8.33      2.34      8.91     11.25      8.33
      1.61     -8.33    -18.12    -25.57    -28.05    -26.88
    -21.04    -11.98     -2.19      5.11      8.04      5.84    930209
      1.02     -6.87    -16.07    -23.08    -26.88    -25.86
    -21.48    -13.59     -3.94      4.24      8.04      8.18
      4.82     -2.48    -10.37    -18.26    -22.50    -22.65
    -19.29    -12.27     -3.36      5.11     10.08     11.25    930210
      8.91      2.92     -4.53    -12.71    -17.97    -20.31
    -18.99    -14.32     -7.45     -0.73      4.38      6.57
      5.84      1.46     -4.53    -11.25    -17.09    -19.14
    -18.41    -14.32     -7.89     -1.02      4.82      7.60    930211
      7.31      3.94     -1.46     -8.18    -14.61    -18.99
    -21.04    -21.18    -18.12    -13.73    -10.08     -7.60
     -7.31     -9.20    -11.98    -16.36    -20.75    -23.52
    -23.38    -21.33    -16.66    -11.25     -5.70     -1.17    930212
      1.02      2.05     -0.15     -2.63     -6.43    -10.08
    -13.44    -15.49    -15.49    -15.34    -12.56     -9.35
     -7.31     -6.72     -7.60     -9.35    -11.54    -13.88
    -14.90    -14.76    -12.71     -9.20     -5.11     -1.17    930213
      2.92      4.97      5.41      4.97      3.21      0.88
     -3.65     -6.87    -10.52    -14.32    -13.59    -12.71
    -12.27    -12.27    -12.27    -12.56    -16.07    -15.92
    -15.34    -15.49    -15.05    -14.17    -12.27     -8.91    930214
     -5.26     -1.61      1.46      4.53      5.84      5.70
      4.53      1.75     -1.31     -4.68     -7.01     -8.77
     -9.20     -8.04     -6.72     -5.41     -4.24     -3.21
     -3.94     -4.97     -7.89     -9.50    -11.40    -12.13    930215
    -12.56     -8.77     -4.53     -0.44      3.21      4.97
   9999.99   9999.99   9999.99   9999.99   9999.99   9999.99
   9999.99   9999.99   9999.99   9999.99   9999.99   9999.99
   9999.99     -0.88     -3.21     -5.55     -8.04    -10.23    930216
     -9.79     -7.16     -2.34      2.63      8.77     13.44
     14.90     14.46     11.40      6.14     -0.44     -5.55
     -9.20    -11.40    -11.69     -9.35     -6.14     -3.94
     -1.75     -2.63     -5.99    -10.81    -17.39    -21.92    930217
    -24.84    -26.01    -22.35    -19.29    -12.42     -5.84
     -1.61      0.44     -1.90     -5.84    -11.25    -17.82
    -22.35    -25.28    -24.98    -21.62    -16.66    -10.52
     -5.11     -2.19     -3.07     -5.55    -10.96    -15.92    930218
    -20.45    -21.62    -19.29    -14.17     -6.72      0.88
      8.18     12.13     12.27      8.62      1.90     -6.43
    -14.32    -20.75    -22.65    -20.89    -16.22     -9.35
     -4.24     -0.44      0.00     -2.34     -7.89    -15.05    930219
    -21.48    -24.54    -24.54    -20.60    -13.73     -5.41
      3.07      8.91     11.25      9.35      3.94     -3.51
    -10.96    -17.39    -20.45    -19.29    -14.46     -7.45
     -0.29      5.41      8.04      6.57      1.17     -5.99    930220
    -13.44    -18.70    -20.60    -18.26    -12.71     -4.38
      4.24     11.54     15.49     15.34     10.52      3.36
     -5.55    -14.03    -19.58    -20.31    -17.24    -11.54
     -3.65      2.78      7.01      6.72      2.48     -5.11    930221
    -14.03    -21.18    -26.01    -26.59    -23.23    -17.53
     -8.62     -0.88      3.21      3.94      0.73     -6.87
    -16.51    -26.15    -34.48    -37.84    -37.26    -32.73
    -25.71    -18.12    -12.86    -10.67    -13.44    -19.14    930222
    -27.03    -34.92    -40.03    -41.93    -39.59    -33.60
    -25.42    -16.07     -9.50     -5.84     -5.99    -10.81
    -20.02    -28.05    -35.79    -40.18    -39.45    -35.06
    -27.91    -21.04    -15.05    -11.40    -12.56    -17.09    930223
    -24.98    -34.48    -42.37    -46.90    -46.46    -42.66
    -36.09    -27.47    -19.29    -14.17    -12.42    -14.76
    -20.31    -27.47    -34.33    -38.42    -39.01    -35.50
    -29.22    -21.92    -14.03     -8.47     -7.01     -9.79    930224
    -15.49    -22.35    -28.93    -34.48    -36.09    -33.60
    -28.20    -20.75    -13.15     -7.60     -4.97     -6.14
     -9.93    -16.07    -22.35    -27.32    -29.80    -27.76
    -22.65    -15.63     -8.62     -2.48      0.29     -0.44    930225
     -4.53    -10.67    -17.39    -23.23    -24.84    -25.13
    -21.62    -15.78     -9.79     -4.38     -0.73     -0.58
     -3.51     -8.47    -14.17    -19.43    -22.35    -22.50
    -18.70    -13.30     -7.31     -1.17      3.21      3.65    930226
      1.46     -2.48     -7.45    -13.30    -16.80    -18.55
    -17.82    -14.32     -9.79     -4.82     -1.31      0.29
     -0.88     -4.38     -8.62    -13.00    -15.78    -16.66
    -15.63    -11.98     -6.57     -1.75      2.19      4.53    930227
      3.80      1.46     -2.92     -8.04    -12.71    -16.51
    -17.68    -16.80    -14.61    -12.71     -9.93     -8.62
     -8.47     -9.93    -13.59    -17.53    -21.04    -23.38
    -24.11    -22.50    -20.02    -16.95    -13.59    -11.25    930228
    -10.08    -11.69    -14.03    -17.09    -20.89    -24.54
    -26.88    -27.91    -27.61    -26.88    -24.84    -23.52
    -22.06   9999.99   9999.99   9999.99   9999.99   9999.99
